#[TIME]:0.300000
#Seen are the grid output values for t=0.300000. If you want to see which gridpoints correspond to which coordinate entries, look for gridmapping text file (if you generated it)
#The following dimensions are plotted:
#Susceptibles
#Exposed
#Infected
#Recovered
#Deaths
#The values are plotted in the above order. Each dimension has 11 rows 
0.0452942216545715	0.10722511484357	0.208799160420126	0.335089985499886	0.444306520459227	0.487941069739888	0.444306520459227	0.335089985499886	0.208799160420126	0.10722511484357	0.0452942216545715	
0.10722511484357	0.252382686424539	0.487941069739888	0.776713116792391	1.02272962570721	1.12002965991001	1.02272962570721	0.776713116792391	0.487941069739888	0.252382686424539	0.10722511484357	
0.208799160420126	0.487941069739888	0.933463485020052	1.46633775057145	1.90766320359687	2.07873812073245	1.90766320359687	1.46633775057146	0.933463485020052	0.487941069739888	0.208799160420126	
0.335089985499886	0.776713116792391	1.46633775057146	2.26265055202209	2.89412808151073	3.1310513659489	2.89412808151073	2.26265055202209	1.46633775057146	0.776713116792391	0.335089985499886	
0.444306520459227	1.02272962570721	1.90766320359687	2.89412808151073	3.64084582616784	3.91081357477686	3.64084582616784	2.89412808151073	1.90766320359687	1.02272962570721	0.444306520459227	
0.487941069739888	1.12002965991001	2.07873812073245	3.1310513659489	3.91081357477686	4.18778474188292	3.91081357477686	3.1310513659489	2.07873812073245	1.12002965991001	0.487941069739888	
0.444306520459227	1.02272962570721	1.90766320359687	2.89412808151073	3.64084582616784	3.91081357477686	3.64084582616784	2.89412808151073	1.90766320359687	1.02272962570721	0.444306520459227	
0.335089985499886	0.776713116792391	1.46633775057146	2.26265055202209	2.89412808151073	3.1310513659489	2.89412808151073	2.26265055202209	1.46633775057146	0.776713116792391	0.335089985499886	
0.208799160420126	0.487941069739888	0.933463485020052	1.46633775057145	1.90766320359687	2.07873812073245	1.90766320359687	1.46633775057146	0.933463485020052	0.487941069739888	0.208799160420126	
0.10722511484357	0.252382686424539	0.487941069739888	0.776713116792391	1.02272962570721	1.12002965991001	1.02272962570721	0.776713116792391	0.487941069739888	0.252382686424539	0.10722511484357	
0.0452942216545715	0.10722511484357	0.208799160420126	0.335089985499886	0.444306520459227	0.487941069739888	0.444306520459227	0.335089985499886	0.208799160420126	0.10722511484357	0.0452942216545715	
4.74941520850584	5.2264339691222	5.6592370710198	6.02192498354945	6.27172700875505	6.36200185598674	6.27172700875505	6.02192498354945	5.6592370710198	5.2264339691222	4.74941520850584	
5.2264339691222	5.79760865217385	6.36200185598674	6.88435529711919	7.27572338810272	7.42395707905792	7.27572338810272	6.88435529711919	6.36200185598674	5.79760865217385	5.2264339691222	
5.6592370710198	6.36200185598674	7.13703034070558	7.93818274534712	8.590562485367	8.84860098393592	8.590562485367	7.93818274534712	7.13703034070558	6.36200185598674	5.6592370710198	
6.02192498354945	6.88435529711919	7.93818274534712	9.13155697133185	10.1669515041352	10.5896546603684	10.1669515041352	9.13155697133186	7.93818274534712	6.88435529711919	6.02192498354945	
6.27172700875505	7.27572338810272	8.59056248536701	10.1669515041352	11.5873799934737	12.1778925124634	11.5873799934737	10.1669515041352	8.590562485367	7.27572338810272	6.27172700875505	
6.36200185598674	7.42395707905792	8.84860098393592	10.5896546603684	12.1778925124634	12.8419300916848	12.1778925124634	10.5896546603684	8.84860098393592	7.42395707905792	6.36200185598674	
6.27172700875505	7.27572338810272	8.59056248536701	10.1669515041352	11.5873799934737	12.1778925124634	11.5873799934737	10.1669515041352	8.590562485367	7.27572338810272	6.27172700875505	
6.02192498354945	6.88435529711919	7.93818274534712	9.13155697133185	10.1669515041352	10.5896546603684	10.1669515041352	9.13155697133186	7.93818274534712	6.88435529711919	6.02192498354945	
5.6592370710198	6.36200185598674	7.13703034070558	7.93818274534712	8.590562485367	8.84860098393592	8.590562485367	7.93818274534712	7.13703034070558	6.36200185598674	5.6592370710198	
5.2264339691222	5.79760865217385	6.36200185598674	6.88435529711919	7.27572338810272	7.42395707905792	7.27572338810272	6.88435529711919	6.36200185598674	5.79760865217385	5.2264339691222	
4.74941520850584	5.2264339691222	5.6592370710198	6.02192498354945	6.27172700875505	6.36200185598674	6.27172700875505	6.02192498354945	5.6592370710198	5.2264339691222	4.74941520850584	
0.11713541166919	0.128585273010663	0.138669879254289	0.14680733905773	0.152220009846789	0.154136230212061	0.152220009846789	0.14680733905773	0.138669879254289	0.128585273010663	0.11713541166919	
0.128585273010663	0.14181174003363	0.154136230212061	0.164819813590349	0.172410894863596	0.175205104846808	0.172410894863596	0.164819813590349	0.154136230212061	0.14181174003363	0.128585273010663	
0.138669879254289	0.154136230212061	0.169757693339893	0.18460382519091	0.195991947788944	0.200364794673859	0.195991947788944	0.18460382519091	0.169757693339893	0.154136230212061	0.138669879254289	
0.14680733905773	0.164819813590349	0.18460382519091	0.205088765203191	0.221866581180677	0.228534999650696	0.221866581180677	0.205088765203191	0.18460382519091	0.164819813590349	0.14680733905773	
0.152220009846789	0.172410894863596	0.195991947788944	0.221866581180677	0.243969951588963	0.252946258076367	0.243969951588963	0.221866581180677	0.195991947788944	0.172410894863596	0.152220009846789	
0.154136230212061	0.175205104846808	0.200364794673859	0.228534999650696	0.252946258076367	0.262931464605945	0.252946258076367	0.228534999650696	0.200364794673859	0.175205104846808	0.154136230212061	
0.152220009846789	0.172410894863596	0.195991947788944	0.221866581180677	0.243969951588963	0.252946258076367	0.243969951588963	0.221866581180677	0.195991947788944	0.172410894863596	0.152220009846789	
0.14680733905773	0.164819813590349	0.18460382519091	0.205088765203191	0.221866581180677	0.228534999650696	0.221866581180677	0.205088765203191	0.18460382519091	0.164819813590349	0.14680733905773	
0.138669879254289	0.154136230212061	0.169757693339893	0.18460382519091	0.195991947788944	0.200364794673859	0.195991947788944	0.18460382519091	0.169757693339893	0.154136230212061	0.138669879254289	
0.128585273010663	0.14181174003363	0.154136230212061	0.164819813590349	0.172410894863596	0.175205104846808	0.172410894863596	0.164819813590349	0.154136230212061	0.14181174003363	0.128585273010663	
0.11713541166919	0.128585273010663	0.138669879254289	0.14680733905773	0.152220009846789	0.154136230212061	0.152220009846789	0.14680733905773	0.138669879254289	0.128585273010663	0.11713541166919	
0.377751987444877	0.414605896450651	0.446994454499005	0.473053781598957	0.490339113485863	0.496448207794029	0.490339113485863	0.473053781598958	0.446994454499005	0.414605896450651	0.377751987444877	
0.414605896450651	0.457065268964735	0.496448207794029	0.530401516114049	0.554413283727524	0.563228482052609	0.554413283727524	0.53040151611405	0.496448207794029	0.457065268964735	0.414605896450651	
0.446994454499005	0.496448207794029	0.546031441469791	0.592792697875291	0.628452207311392	0.642103226086274	0.628452207311392	0.592792697875291	0.546031441469791	0.496448207794029	0.446994454499005	
0.473053781598958	0.53040151611405	0.592792697875291	0.656827211817343	0.70895319396216	0.729608707599562	0.70895319396216	0.656827211817343	0.592792697875291	0.53040151611405	0.473053781598958	
0.490339113485863	0.554413283727524	0.628452207311392	0.70895319396216	0.777309145741712	0.80498990866147	0.777309145741712	0.70895319396216	0.628452207311392	0.554413283727524	0.490339113485863	
0.496448207794029	0.563228482052609	0.642103226086274	0.729608707599562	0.80498990866147	0.835738531981948	0.80498990866147	0.729608707599562	0.642103226086274	0.563228482052609	0.496448207794029	
0.490339113485863	0.554413283727524	0.628452207311392	0.70895319396216	0.777309145741712	0.80498990866147	0.777309145741712	0.70895319396216	0.628452207311392	0.554413283727524	0.490339113485863	
0.473053781598958	0.53040151611405	0.592792697875291	0.656827211817343	0.70895319396216	0.729608707599562	0.70895319396216	0.656827211817343	0.592792697875291	0.53040151611405	0.473053781598958	
0.446994454499005	0.496448207794029	0.546031441469791	0.592792697875291	0.628452207311392	0.642103226086274	0.628452207311392	0.592792697875291	0.546031441469791	0.496448207794029	0.446994454499005	
0.414605896450651	0.457065268964735	0.496448207794029	0.530401516114049	0.554413283727524	0.563228482052609	0.554413283727524	0.53040151611405	0.496448207794029	0.457065268964735	0.414605896450651	
0.377751987444877	0.414605896450651	0.446994454499005	0.473053781598957	0.490339113485863	0.496448207794029	0.490339113485863	0.473053781598958	0.446994454499005	0.414605896450651	0.377751987444877	
0.000163956559940639	0.000179793962247464	0.000193553688794593	0.000204455044455519	0.00021157772429689	0.000214071747680102	0.00021157772429689	0.000204455044455519	0.000193553688794593	0.000179793962247464	0.000163956559940639	
0.000179793962247464	0.000197787612840503	0.000214071747680102	0.000227691512317584	0.000237066700940562	0.000240455437657901	0.000237066700940562	0.000227691512317584	0.000214071747680102	0.000197787612840503	0.000179793962247464	
0.000193553688794593	0.000214071747680102	0.000233818313408758	0.00025162207585058	0.000264719050417176	0.000269637056331937	0.000264719050417176	0.00025162207585058	0.000233818313408758	0.000214071747680102	0.000193553688794593	
0.000204455044455519	0.000227691512317584	0.00025162207585058	0.000274888202778275	0.00029308975756591	0.000300158207790445	0.00029308975756591	0.000274888202778275	0.00025162207585058	0.000227691512317584	0.000204455044455519	
0.00021157772429689	0.000237066700940562	0.000264719050417177	0.00029308975756591	0.000316227025463091	0.000325412588249816	0.000316227025463091	0.00029308975756591	0.000264719050417176	0.000237066700940562	0.00021157772429689	
0.000214071747680102	0.000240455437657901	0.000269637056331937	0.000300158207790445	0.000325412588249816	0.000335514992046856	0.000325412588249816	0.000300158207790445	0.000269637056331937	0.000240455437657901	0.000214071747680102	
0.00021157772429689	0.000237066700940562	0.000264719050417177	0.00029308975756591	0.000316227025463091	0.000325412588249816	0.000316227025463091	0.00029308975756591	0.000264719050417176	0.000237066700940562	0.00021157772429689	
0.000204455044455519	0.000227691512317584	0.00025162207585058	0.000274888202778275	0.00029308975756591	0.000300158207790445	0.00029308975756591	0.000274888202778275	0.00025162207585058	0.000227691512317584	0.000204455044455519	
0.000193553688794593	0.000214071747680102	0.000233818313408758	0.00025162207585058	0.000264719050417176	0.000269637056331937	0.000264719050417176	0.00025162207585058	0.000233818313408758	0.000214071747680102	0.000193553688794593	
0.000179793962247464	0.000197787612840503	0.000214071747680102	0.000227691512317584	0.000237066700940562	0.000240455437657901	0.000237066700940562	0.000227691512317584	0.000214071747680102	0.000197787612840503	0.000179793962247464	
0.000163956559940639	0.000179793962247464	0.000193553688794593	0.000204455044455519	0.00021157772429689	0.000214071747680102	0.00021157772429689	0.000204455044455519	0.000193553688794593	0.000179793962247464	0.000163956559940639	
