#[TIME]:0.400000
#Seen are the grid output values for t=0.400000. If you want to see which gridpoints correspond to which coordinate entries, look for gridmapping text file (if you generated it)
#The following dimensions are plotted:
#Susceptibles
#Exposed
#Infected
#Recovered
#Deaths
#The values are plotted in the above order. Each dimension has 11 rows 
0.67352717527367	1.65309278448213	3.30038554931103	5.31946596409875	6.93938597989097	7.52939847180972	6.93938597989097	5.31946596409876	3.30038554931102	1.65309278448213	0.67352717527367	
1.65309278448213	4.00654029822091	7.52939847180972	10.0057460965036	9.49441866227833	8.70433744117535	9.49441866227833	10.0057460965036	7.52939847180972	4.00654029822091	1.65309278448213	
3.30038554931102	7.52939847180972	9.96096939161168	5.0861276048842	1.9782749076215	1.33126718020436	1.9782749076215	5.0861276048842	9.96096939161168	7.52939847180972	3.30038554931102	
5.31946596409876	10.0057460965036	5.0861276048842	0.845796417836094	0.0319118739616212	0.00017330418515066	0.0319118739616212	0.845796417836094	5.0861276048842	10.0057460965036	5.31946596409876	
6.93938597989097	9.49441866227833	1.97827490762149	0.0319118739616214	-2.97917034066641	-4.16787564551352	-2.97917034066641	0.0319118739616212	1.9782749076215	9.49441866227833	6.93938597989097	
7.52939847180972	8.70433744117535	1.33126718020436	0.000173304185150661	-4.16787564551352	1.82756188151149e+231	-4.16787564551352	0.00017330418515066	1.33126718020436	8.70433744117535	7.52939847180972	
6.93938597989097	9.49441866227833	1.97827490762149	0.0319118739616214	-2.97917034066641	-4.16787564551352	-2.97917034066641	0.0319118739616212	1.9782749076215	9.49441866227833	6.93938597989097	
5.31946596409876	10.0057460965036	5.0861276048842	0.845796417836094	0.0319118739616212	0.00017330418515066	0.0319118739616212	0.845796417836094	5.0861276048842	10.0057460965036	5.31946596409876	
3.30038554931102	7.52939847180972	9.96096939161168	5.0861276048842	1.9782749076215	1.33126718020436	1.9782749076215	5.0861276048842	9.96096939161168	7.52939847180972	3.30038554931102	
1.65309278448213	4.00654029822091	7.52939847180972	10.0057460965036	9.49441866227833	8.70433744117535	9.49441866227833	10.0057460965036	7.52939847180972	4.00654029822091	1.65309278448213	
0.67352717527367	1.65309278448213	3.30038554931103	5.31946596409875	6.93938597989097	7.52939847180972	6.93938597989097	5.31946596409876	3.30038554931102	1.65309278448213	0.67352717527367	
0.00348377361286446	0.0232323159850874	0.111209766870625	0.372900085152615	0.812897426333569	1.06471538621128	0.812897426333569	0.372900085152615	0.111209766870625	0.0232323159850874	0.00348377361286446	
0.0232323159850874	0.178347608303095	1.06471538621128	4.34868125300912	9.90831836612089	12.7183246171773	9.90831836612089	4.34868125300912	1.06471538621127	0.178347608303095	0.0232323159850874	
0.111209766870625	1.06471538621127	7.60100122979682	23.7756507919089	37.6142666279486	42.9806608071232	37.6142666279486	23.7756507919089	7.60100122979681	1.06471538621127	0.111209766870625	
0.372900085152615	4.34868125300912	23.7756507919089	48.9527288237159	72.4053986396338	82.7335751289822	72.4053986396338	48.9527288237159	23.7756507919089	4.34868125300912	0.372900085152615	
0.812897426333569	9.90831836612089	37.6142666279486	72.4053986396338	112.809589659878	136.067076933849	112.809589659878	72.4053986396338	37.6142666279486	9.90831836612089	0.812897426333569	
1.06471538621128	12.7183246171773	42.9806608071233	82.7335751289821	136.067076933849	-1.82756188151149e+231	136.067076933849	82.7335751289822	42.9806608071232	12.7183246171773	1.06471538621128	
0.812897426333569	9.90831836612089	37.6142666279486	72.4053986396338	112.809589659878	136.067076933849	112.809589659878	72.4053986396338	37.6142666279486	9.90831836612089	0.812897426333569	
0.372900085152615	4.34868125300912	23.7756507919089	48.9527288237159	72.4053986396338	82.7335751289822	72.4053986396338	48.9527288237159	23.7756507919089	4.34868125300912	0.372900085152615	
0.111209766870625	1.06471538621127	7.60100122979682	23.7756507919089	37.6142666279486	42.9806608071232	37.6142666279486	23.7756507919089	7.60100122979681	1.06471538621127	0.111209766870625	
0.0232323159850874	0.178347608303095	1.06471538621128	4.34868125300912	9.90831836612089	12.7183246171773	9.90831836612089	4.34868125300912	1.06471538621127	0.178347608303095	0.0232323159850874	
0.00348377361286446	0.0232323159850874	0.111209766870625	0.372900085152615	0.812897426333569	1.06471538621128	0.812897426333569	0.372900085152615	0.111209766870625	0.0232323159850874	0.00348377361286446	
0.00337027341801744	0.0204245580659706	0.0830948099251229	0.226935838372307	0.415423297594311	0.50841171537297	0.415423297594311	0.226935838372307	0.0830948099251227	0.0204245580659706	0.00337027341801744	
0.0204245580659706	0.124153317954528	0.50841171537297	1.4024866836849	2.58789257948148	3.17438293550493	2.58789257948148	1.4024866836849	0.508411715372969	0.124153317954528	0.0204245580659706	
0.0830948099251227	0.508411715372969	2.10955953774069	5.83885668647282	10.642543144927	12.9752580517267	10.642543144927	5.83885668647282	2.10955953774069	0.508411715372969	0.0830948099251227	
0.226935838372307	1.4024866836849	5.83885668647282	15.8089768133441	28.5362975284661	34.7373961192352	28.5362975284661	15.8089768133441	5.83885668647282	1.4024866836849	0.226935838372307	
0.415423297594311	2.58789257948148	10.642543144927	28.5362975284661	51.4241109318851	62.1914804067229	51.4241109318851	28.5362975284661	10.642543144927	2.58789257948148	0.415423297594311	
0.50841171537297	3.17438293550493	12.9752580517267	34.7373961192352	62.1914804067229	-1.42499975887385e+114	62.1914804067229	34.7373961192352	12.9752580517267	3.17438293550493	0.50841171537297	
0.415423297594311	2.58789257948148	10.642543144927	28.5362975284661	51.4241109318851	62.1914804067229	51.4241109318851	28.5362975284661	10.642543144927	2.58789257948148	0.415423297594311	
0.226935838372307	1.4024866836849	5.83885668647282	15.8089768133441	28.5362975284661	34.7373961192352	28.5362975284661	15.8089768133441	5.83885668647282	1.4024866836849	0.226935838372307	
0.0830948099251227	0.508411715372969	2.10955953774069	5.83885668647282	10.642543144927	12.9752580517267	10.642543144927	5.83885668647282	2.10955953774069	0.508411715372969	0.0830948099251227	
0.0204245580659706	0.124153317954528	0.50841171537297	1.4024866836849	2.58789257948148	3.17438293550493	2.58789257948148	1.4024866836849	0.508411715372969	0.124153317954528	0.0204245580659706	
0.00337027341801744	0.0204245580659706	0.0830948099251229	0.226935838372307	0.415423297594311	0.50841171537297	0.415423297594311	0.226935838372307	0.0830948099251227	0.0204245580659706	0.00337027341801744	
0.0061866852092886	0.0375394859762785	0.153075804395613	0.419421366877923	0.770216366447998	0.943893606645934	0.770216366447998	0.419421366877923	0.153075804395612	0.0375394859762785	0.0061866852092886	
0.0375394859762785	0.228958905458099	0.943893606645934	2.62937047945581	4.89230796060546	6.01837381217358	4.89230796060546	2.62937047945581	0.943893606645934	0.228958905458099	0.0375394859762785	
0.153075804395612	0.943893606645934	3.97649085371008	11.1474431760129	20.3552133751632	24.8005960171192	20.3552133751632	11.1474431760129	3.97649085371008	0.943893606645934	0.153075804395612	
0.419421366877923	2.62937047945581	11.1474431760129	30.1820306038867	54.1851597056887	65.8148359825742	54.1851597056887	30.1820306038867	11.1474431760129	2.62937047945581	0.419421366877923	
0.770216366447998	4.89230796060546	20.3552133751632	54.1851597056886	96.9054915545867	116.290510875609	96.9054915545867	54.1851597056887	20.3552133751632	4.89230796060546	0.770216366447998	
0.943893606645934	6.01837381217358	24.8005960171193	65.8148359825742	116.290510875609	-3.8474993489594e+114	116.290510875609	65.8148359825742	24.8005960171192	6.01837381217358	0.943893606645934	
0.770216366447998	4.89230796060546	20.3552133751632	54.1851597056886	96.9054915545867	116.290510875609	96.9054915545867	54.1851597056887	20.3552133751632	4.89230796060546	0.770216366447998	
0.419421366877923	2.62937047945581	11.1474431760129	30.1820306038867	54.1851597056887	65.8148359825742	54.1851597056887	30.1820306038867	11.1474431760129	2.62937047945581	0.419421366877923	
0.153075804395612	0.943893606645934	3.97649085371008	11.1474431760129	20.3552133751632	24.8005960171192	20.3552133751632	11.1474431760129	3.97649085371008	0.943893606645934	0.153075804395612	
0.0375394859762785	0.228958905458099	0.943893606645934	2.62937047945581	4.89230796060546	6.01837381217358	4.89230796060546	2.62937047945581	0.943893606645934	0.228958905458099	0.0375394859762785	
0.0061866852092886	0.0375394859762785	0.153075804395613	0.419421366877923	0.770216366447998	0.943893606645934	0.770216366447998	0.419421366877923	0.153075804395612	0.0375394859762785	0.0061866852092886	
0.00455280558079577	0.0275429117306565	0.111692332047818	0.30361244780548	0.553220079381346	0.675705638289386	0.553220079381346	0.30361244780548	0.111692332047818	0.0275429117306565	0.00455280558079577	
0.0275429117306565	0.166625599432656	0.675705638289386	1.83678050279768	3.34686912598641	4.08789219724269	3.34686912598641	1.83678050279769	0.675705638289385	0.166625599432656	0.0275429117306565	
0.111692332047818	0.675705638289385	2.74017380756437	7.44871433118979	13.5725328858308	16.5775353169196	13.5725328858308	7.44871433118979	2.74017380756437	0.675705638289385	0.111692332047818	
0.30361244780548	1.83678050279769	7.4487143311898	20.2478364799311	36.8937439599585	45.0619835887411	36.8937439599585	20.2478364799311	7.44871433118979	1.83678050279769	0.30361244780548	
0.553220079381346	3.34686912598641	13.5725328858308	36.8937439599584	67.224035743316	82.1065524955947	67.224035743316	36.8937439599585	13.5725328858308	3.34686912598641	0.553220079381346	
0.675705638289386	4.08789219724269	16.5775353169197	45.061983588741	82.1065524955947	-2.76863842040347e+53	82.1065524955947	45.0619835887411	16.5775353169196	4.08789219724269	0.675705638289386	
0.553220079381346	3.34686912598641	13.5725328858308	36.8937439599584	67.224035743316	82.1065524955947	67.224035743316	36.8937439599585	13.5725328858308	3.34686912598641	0.553220079381346	
0.30361244780548	1.83678050279769	7.4487143311898	20.2478364799311	36.8937439599585	45.0619835887411	36.8937439599585	20.2478364799311	7.44871433118979	1.83678050279769	0.30361244780548	
0.111692332047818	0.675705638289385	2.74017380756437	7.44871433118979	13.5725328858308	16.5775353169196	13.5725328858308	7.44871433118979	2.74017380756437	0.675705638289385	0.111692332047818	
0.0275429117306565	0.166625599432656	0.675705638289386	1.83678050279768	3.34686912598641	4.08789219724269	3.34686912598641	1.83678050279769	0.675705638289385	0.166625599432656	0.0275429117306565	
0.00455280558079577	0.0275429117306565	0.111692332047818	0.30361244780548	0.553220079381346	0.675705638289386	0.553220079381346	0.30361244780548	0.111692332047818	0.0275429117306565	0.00455280558079577	
