#[TIME]:0.500000
#Seen are the grid output values for t=0.500000. If you want to see which gridpoints correspond to which coordinate entries, look for gridmapping text file (if you generated it)
#The following dimensions are plotted:
#Susceptibles
#Exposed
#Infected
#Recovered
#Deaths
#The values are plotted in the above order. Each dimension has 11 rows 
0.673470664566392	1.65215529960721	3.29122847019187	5.26875874190892	6.79289176496093	7.32032312782772	6.79289176496093	5.26875874190892	3.29122847019187	1.65215529960721	0.673470664566392	
1.65215529960721	3.98855372414897	7.32032312782772	8.89166334768206	7.30200653093396	6.25670070288738	7.30200653093396	8.89166334768206	7.32032312782771	3.98855372414897	1.65215529960721	
3.29122847019187	7.32032312782771	8.12093190705424	2.89618876240999	0.881919259902847	0.542521009779733	0.881919259902847	2.89618876240998	8.12093190705424	7.32032312782771	3.29122847019187	
5.26875874190892	8.89166334768206	2.89618876240998	0.311404540233545	0.0065312325434348	-nan	0.0065312325434348	0.311404540233545	2.89618876240998	8.89166334768206	5.26875874190892	
6.79289176496093	7.30200653093396	0.881919259902845	0.00653123254343484	-nan	-nan	-nan	0.0065312325434348	0.881919259902847	7.30200653093396	6.79289176496093	
7.32032312782772	6.25670070288738	0.542521009779732	-nan	-nan	-nan	-nan	-nan	0.542521009779733	6.25670070288738	7.32032312782772	
6.79289176496093	7.30200653093396	0.881919259902845	0.00653123254343484	-nan	-nan	-nan	0.0065312325434348	0.881919259902847	7.30200653093396	6.79289176496093	
5.26875874190892	8.89166334768206	2.89618876240998	0.311404540233545	0.0065312325434348	-nan	0.0065312325434348	0.311404540233545	2.89618876240998	8.89166334768206	5.26875874190892	
3.29122847019187	7.32032312782771	8.12093190705424	2.89618876240999	0.881919259902847	0.542521009779733	0.881919259902847	2.89618876240998	8.12093190705424	7.32032312782771	3.29122847019187	
1.65215529960721	3.98855372414897	7.32032312782772	8.89166334768206	7.30200653093396	6.25670070288738	7.30200653093396	8.89166334768206	7.32032312782771	3.98855372414897	1.65215529960721	
0.673470664566392	1.65215529960721	3.29122847019187	5.26875874190892	6.79289176496093	7.32032312782772	6.79289176496093	5.26875874190892	3.29122847019187	1.65215529960721	0.673470664566392	
0.00326059558772235	0.0222788309878189	0.111103945295943	0.391662913636042	0.888187252112302	1.17977967758592	0.888187252112302	0.391662913636042	0.111103945295942	0.0222788309878189	0.00326059558772235	
0.0222788309878189	0.181332165256698	1.17977967758592	5.06663078677662	11.2086330616706	14.0350646411517	11.2086330616706	5.06663078677663	1.17977967758592	0.181332165256698	0.0222788309878189	
0.111103945295942	1.17977967758592	8.75109040186863	23.9572482419661	35.6556117922806	40.3046758036446	35.6556117922806	23.9572482419661	8.75109040186863	1.17977967758592	0.111103945295942	
0.391662913636042	5.06663078677663	23.9572482419661	45.5621559014332	66.6711507224528	-nan	66.6711507224528	45.5621559014332	23.9572482419661	5.06663078677663	0.391662913636042	
0.888187252112302	11.2086330616706	35.6556117922806	66.6711507224527	-nan	-nan	-nan	66.6711507224528	35.6556117922806	11.2086330616706	0.888187252112302	
1.17977967758592	14.0350646411517	40.3046758036446	-nan	-nan	-nan	-nan	-nan	40.3046758036446	14.0350646411517	1.17977967758592	
0.888187252112302	11.2086330616706	35.6556117922806	66.6711507224527	-nan	-nan	-nan	66.6711507224528	35.6556117922806	11.2086330616706	0.888187252112302	
0.391662913636042	5.06663078677663	23.9572482419661	45.5621559014332	66.6711507224528	-nan	66.6711507224528	45.5621559014332	23.9572482419661	5.06663078677663	0.391662913636042	
0.111103945295942	1.17977967758592	8.75109040186863	23.9572482419661	35.6556117922806	40.3046758036446	35.6556117922806	23.9572482419661	8.75109040186863	1.17977967758592	0.111103945295942	
0.0222788309878189	0.181332165256698	1.17977967758592	5.06663078677662	11.2086330616706	14.0350646411517	11.2086330616706	5.06663078677663	1.17977967758592	0.181332165256698	0.0222788309878189	
0.00326059558772235	0.0222788309878189	0.111103945295943	0.391662913636042	0.888187252112302	1.17977967758592	0.888187252112302	0.391662913636042	0.111103945295942	0.0222788309878189	0.00326059558772235	
0.00312890933182466	0.0189805917408915	0.0773704420819688	0.211938814047421	0.389189363805672	0.476963614320811	0.389189363805672	0.211938814047422	0.0773704420819686	0.0189805917408915	0.00312890933182466	
0.0189805917408915	0.11571171085041	0.476963614320811	1.328835900573	2.46736969649944	3.03001018173504	2.46736969649944	1.328835900573	0.476963614320811	0.11571171085041	0.0189805917408915	
0.0773704420819686	0.476963614320811	2.00776724194246	5.56618738811933	10.0874794927344	12.273696326234	10.0874794927344	5.56618738811934	2.00776724194246	0.476963614320811	0.0773704420819686	
0.211938814047422	1.328835900573	5.56618738811934	14.9258956948136	26.8158753810192	32.6019753827042	26.8158753810192	14.9258956948136	5.56618738811934	1.328835900573	0.211938814047422	
0.389189363805672	2.46736969649944	10.0874794927344	26.8158753810192	48.1794296189472	-nan	48.1794296189472	26.8158753810192	10.0874794927344	2.46736969649944	0.389189363805672	
0.476963614320811	3.03001018173504	12.273696326234	32.6019753827042	-nan	-nan	-nan	32.6019753827042	12.273696326234	3.03001018173504	0.476963614320811	
0.389189363805672	2.46736969649944	10.0874794927344	26.8158753810192	48.1794296189472	-nan	48.1794296189472	26.8158753810192	10.0874794927344	2.46736969649944	0.389189363805672	
0.211938814047422	1.328835900573	5.56618738811934	14.9258956948136	26.8158753810192	32.6019753827042	26.8158753810192	14.9258956948136	5.56618738811934	1.328835900573	0.211938814047422	
0.0773704420819686	0.476963614320811	2.00776724194246	5.56618738811933	10.0874794927344	12.273696326234	10.0874794927344	5.56618738811934	2.00776724194246	0.476963614320811	0.0773704420819686	
0.0189805917408915	0.11571171085041	0.476963614320811	1.328835900573	2.46736969649944	3.03001018173504	2.46736969649944	1.328835900573	0.476963614320811	0.11571171085041	0.0189805917408915	
0.00312890933182466	0.0189805917408915	0.0773704420819688	0.211938814047421	0.389189363805672	0.476963614320811	0.389189363805672	0.211938814047422	0.0773704420819686	0.0189805917408915	0.00312890933182466	
0.00652888389015619	0.0396670418110747	0.162162003021628	0.446058812871415	0.822467717195214	1.0097238409727	0.822467717195214	0.446058812871416	0.162162003021628	0.0396670418110747	0.00652888389015619	
0.0396670418110747	0.242853431497252	1.0097238409727	2.84847603334825	5.34084312578616	6.5786449199755	5.34084312578616	2.84847603334825	1.0097238409727	0.242853431497252	0.0396670418110747	
0.162162003021628	1.0097238409727	4.33188347979785	12.1585395157348	22.0321629495556	26.7737956141022	22.0321629495556	12.1585395157348	4.33188347979785	1.0097238409727	0.162162003021628	
0.446058812871416	2.84847603334825	12.1585395157348	32.5047970148053	58.0140479913847	-nan	58.0140479913847	32.5047970148053	12.1585395157348	2.84847603334825	0.446058812871416	
0.822467717195214	5.34084312578616	22.0321629495556	58.0140479913847	-nan	-nan	-nan	58.0140479913847	22.0321629495556	5.34084312578616	0.822467717195214	
1.0097238409727	6.5786449199755	26.7737956141022	-nan	-nan	-nan	-nan	-nan	26.7737956141022	6.5786449199755	1.0097238409727	
0.822467717195214	5.34084312578616	22.0321629495556	58.0140479913847	-nan	-nan	-nan	58.0140479913847	22.0321629495556	5.34084312578616	0.822467717195214	
0.446058812871416	2.84847603334825	12.1585395157348	32.5047970148053	58.0140479913847	-nan	58.0140479913847	32.5047970148053	12.1585395157348	2.84847603334825	0.446058812871416	
0.162162003021628	1.0097238409727	4.33188347979785	12.1585395157348	22.0321629495556	26.7737956141022	22.0321629495556	12.1585395157348	4.33188347979785	1.0097238409727	0.162162003021628	
0.0396670418110747	0.242853431497252	1.0097238409727	2.84847603334825	5.34084312578616	6.5786449199755	5.34084312578616	2.84847603334825	1.0097238409727	0.242853431497252	0.0396670418110747	
0.00652888389015619	0.0396670418110747	0.162162003021628	0.446058812871415	0.822467717195214	1.0097238409727	0.822467717195214	0.446058812871416	0.162162003021628	0.0396670418110747	0.00652888389015619	
0.00455545581711661	0.0275589810736495	0.111757774521677	0.303791451808244	0.553548286408751	0.676107594479505	0.553548286408751	0.303791451808244	0.111757774521677	0.0275589810736495	0.00455545581711661	
0.0275589810736495	0.166723426831405	0.676107594479505	1.83789502158712	3.34893289503177	4.09042562750667	3.34893289503177	1.83789502158712	0.676107594479504	0.166723426831405	0.0275589810736495	
0.111757774521677	0.676107594479504	2.74185435289451	7.45337360501572	13.581000842484	16.5878479797736	13.581000842484	7.45337360501573	2.74185435289451	0.676107594479504	0.111757774521677	
0.303791451808244	1.83789502158712	7.45337360501573	20.2603881635005	36.916340388391	45.089470479726	36.916340388391	20.2603881635005	7.45337360501573	1.83789502158712	0.303791451808244	
0.553548286408751	3.34893289503177	13.581000842484	36.916340388391	67.2646827691201	82.1557050633168	67.2646827691201	36.916340388391	13.581000842484	3.34893289503177	0.553548286408751	
0.676107594479505	4.09042562750667	16.5878479797736	45.089470479726	82.1557050633168	-inf	82.1557050633168	45.089470479726	16.5878479797736	4.09042562750667	0.676107594479505	
0.553548286408751	3.34893289503177	13.581000842484	36.916340388391	67.2646827691201	82.1557050633168	67.2646827691201	36.916340388391	13.581000842484	3.34893289503177	0.553548286408751	
0.303791451808244	1.83789502158712	7.45337360501573	20.2603881635005	36.916340388391	45.089470479726	36.916340388391	20.2603881635005	7.45337360501573	1.83789502158712	0.303791451808244	
0.111757774521677	0.676107594479504	2.74185435289451	7.45337360501572	13.581000842484	16.5878479797736	13.581000842484	7.45337360501573	2.74185435289451	0.676107594479504	0.111757774521677	
0.0275589810736495	0.166723426831405	0.676107594479505	1.83789502158712	3.34893289503177	4.09042562750667	3.34893289503177	1.83789502158712	0.676107594479504	0.166723426831405	0.0275589810736495	
0.00455545581711661	0.0275589810736495	0.111757774521677	0.303791451808244	0.553548286408751	0.676107594479505	0.553548286408751	0.303791451808244	0.111757774521677	0.0275589810736495	0.00455545581711661	
