#[TIME]:0.200000
#Seen are the grid output values for t=0.200000. If you want to see which gridpoints correspond to which coordinate entries, look for gridmapping text file (if you generated it)
#The following dimensions are plotted:
#Susceptibles
#Exposed
#Infected
#Recovered
#Deaths
#The values are plotted in the above order. Each dimension has 11 rows 
0.0511647679454995	0.122585496605129	0.241299403294233	0.39072497514611	0.521243200573341	0.573689263296402	0.521243200573341	0.39072497514611	0.241299403294232	0.122585496605129	0.0511647679454995	
0.122585496605129	0.292666678263836	0.573689263296402	0.924746222357352	1.22900189920129	1.3506303381878	1.22900189920129	0.924746222357352	0.573689263296402	0.292666678263836	0.122585496605129	
0.241299403294232	0.573689263296402	1.11806225703526	1.78960118006916	2.36353803873341	2.59075839277585	2.36353803873341	1.78960118006916	1.11806225703526	0.573689263296402	0.241299403294232	
0.39072497514611	0.924746222357352	1.78960118006916	2.83822854165892	3.71636198291094	4.05891501842876	3.71636198291094	2.83822854165892	1.78960118006916	0.924746222357352	0.39072497514611	
0.521243200573341	1.22900189920129	2.36353803873341	3.71636198291094	4.82597145130398	5.25211008927021	4.82597145130398	3.71636198291094	2.36353803873341	1.22900189920129	0.521243200573341	
0.573689263296402	1.3506303381878	2.59075839277585	4.05891501842875	5.25211008927021	5.70711234510923	5.25211008927021	4.05891501842876	2.59075839277585	1.3506303381878	0.573689263296402	
0.521243200573341	1.22900189920129	2.36353803873341	3.71636198291094	4.82597145130398	5.25211008927021	4.82597145130398	3.71636198291094	2.36353803873341	1.22900189920129	0.521243200573341	
0.39072497514611	0.924746222357352	1.78960118006916	2.83822854165892	3.71636198291094	4.05891501842876	3.71636198291094	2.83822854165892	1.78960118006916	0.924746222357352	0.39072497514611	
0.241299403294232	0.573689263296402	1.11806225703526	1.78960118006916	2.36353803873341	2.59075839277585	2.36353803873341	1.78960118006916	1.11806225703526	0.573689263296402	0.241299403294232	
0.122585496605129	0.292666678263836	0.573689263296402	0.924746222357352	1.22900189920129	1.3506303381878	1.22900189920129	0.924746222357352	0.573689263296402	0.292666678263836	0.122585496605129	
0.0511647679454995	0.122585496605129	0.241299403294233	0.39072497514611	0.521243200573341	0.573689263296402	0.521243200573341	0.39072497514611	0.241299403294232	0.122585496605129	0.0511647679454995	
5.15369112655392	5.66211680800857	6.11460337778083	6.48472472243309	6.73410203552721	6.82307334395969	6.73410203552721	6.48472472243309	6.11460337778083	5.66211680800857	5.15369112655392	
5.66211680800857	6.25688787705194	6.82307334395969	7.32621311136304	7.69123212668928	7.82714144617706	7.69123212668928	7.32621311136304	6.82307334395969	6.25688787705194	5.66211680800857	
6.11460337778083	6.82307334395969	7.5629453777487	8.29007543551303	8.86183830154837	9.08417750553246	8.86183830154837	8.29007543551303	7.5629453777487	6.82307334395969	6.11460337778083	
6.48472472243309	7.32621311136304	8.29007543551303	9.32593269852747	10.1960408933045	10.5461863267204	10.1960408933045	9.32593269852748	8.29007543551303	7.32621311136304	6.48472472243309	
6.73410203552721	7.69123212668928	8.86183830154838	10.1960408933045	11.3644966292491	11.8448214275098	11.3644966292491	10.1960408933045	8.86183830154837	7.69123212668928	6.73410203552721	
6.82307334395969	7.82714144617706	9.08417750553246	10.5461863267204	11.8448214275098	12.3824961004202	11.8448214275098	10.5461863267204	9.08417750553246	7.82714144617706	6.82307334395969	
6.73410203552721	7.69123212668928	8.86183830154838	10.1960408933045	11.3644966292491	11.8448214275098	11.3644966292491	10.1960408933045	8.86183830154837	7.69123212668928	6.73410203552721	
6.48472472243309	7.32621311136304	8.29007543551303	9.32593269852747	10.1960408933045	10.5461863267204	10.1960408933045	9.32593269852748	8.29007543551303	7.32621311136304	6.48472472243309	
6.11460337778083	6.82307334395969	7.5629453777487	8.29007543551303	8.86183830154837	9.08417750553246	8.86183830154837	8.29007543551303	7.5629453777487	6.82307334395969	6.11460337778083	
5.66211680800857	6.25688787705194	6.82307334395969	7.32621311136304	7.69123212668928	7.82714144617706	7.69123212668928	7.32621311136304	6.82307334395969	6.25688787705194	5.66211680800857	
5.15369112655392	5.66211680800857	6.11460337778083	6.48472472243309	6.73410203552721	6.82307334395969	6.73410203552721	6.48472472243309	6.11460337778083	5.66211680800857	5.15369112655392	
0.0847822899306875	0.0929851545910835	0.10012567674332	0.105797825138151	0.109513567504924	0.110816757886652	0.109513567504924	0.105797825138151	0.10012567674332	0.0929851545910835	0.0847822899306875	
0.0929851545910835	0.102326769623497	0.110816757886652	0.117955366313909	0.122892652038415	0.124682160369308	0.122892652038415	0.117955366313909	0.110816757886652	0.102326769623497	0.0929851545910835	
0.10012567674332	0.110816757886652	0.121179700685883	0.130597154857411	0.13756832197154	0.140194654662447	0.13756832197154	0.130597154857411	0.121179700685883	0.110816757886652	0.10012567674332	
0.105797825138151	0.117955366313909	0.130597154857411	0.143003648080121	0.15277394817008	0.156580507682492	0.15277394817008	0.143003648080121	0.130597154857411	0.117955366313909	0.105797825138151	
0.109513567504924	0.122892652038415	0.13756832197154	0.15277394817008	0.165255345958277	0.170225828502457	0.165255345958277	0.15277394817008	0.13756832197154	0.122892652038415	0.109513567504924	
0.110816757886652	0.124682160369308	0.140194654662447	0.156580507682492	0.170225828502457	0.175700917921651	0.170225828502457	0.156580507682492	0.140194654662447	0.124682160369308	0.110816757886652	
0.109513567504924	0.122892652038415	0.13756832197154	0.15277394817008	0.165255345958277	0.170225828502457	0.165255345958277	0.15277394817008	0.13756832197154	0.122892652038415	0.109513567504924	
0.105797825138151	0.117955366313909	0.130597154857411	0.143003648080121	0.15277394817008	0.156580507682492	0.15277394817008	0.143003648080121	0.130597154857411	0.117955366313909	0.105797825138151	
0.10012567674332	0.110816757886652	0.121179700685883	0.130597154857411	0.13756832197154	0.140194654662447	0.13756832197154	0.130597154857411	0.121179700685883	0.110816757886652	0.10012567674332	
0.0929851545910835	0.102326769623497	0.110816757886652	0.117955366313909	0.122892652038415	0.124682160369308	0.122892652038415	0.117955366313909	0.110816757886652	0.102326769623497	0.0929851545910835	
0.0847822899306875	0.0929851545910835	0.10012567674332	0.105797825138151	0.109513567504924	0.110816757886652	0.109513567504924	0.105797825138151	0.10012567674332	0.0929851545910835	0.0847822899306875	
0.25843614678095	0.283413544594368	0.305128819377109	0.322349052118392	0.333610675606736	0.337556204912479	0.333610675606736	0.322349052118392	0.305128819377109	0.283413544594368	0.25843614678095	
0.283413544594368	0.311814887285851	0.337556204912479	0.359125629565121	0.373997125089356	0.379377458444255	0.373997125089356	0.359125629565121	0.337556204912479	0.311814887285851	0.283413544594368	
0.305128819377109	0.337556204912479	0.368842062912618	0.39712453191892	0.417970719904022	0.425806113518137	0.417970719904022	0.39712453191892	0.368842062912618	0.337556204912479	0.305128819377109	
0.322349052118392	0.359125629565121	0.39712453191892	0.434176170617281	0.463214040071116	0.474499144392755	0.463214040071116	0.434176170617281	0.39712453191892	0.359125629565121	0.322349052118392	
0.333610675606736	0.373997125089356	0.417970719904022	0.463214040071116	0.500166409500476	0.514845054101324	0.500166409500476	0.463214040071116	0.417970719904022	0.373997125089356	0.333610675606736	
0.337556204912479	0.379377458444255	0.425806113518137	0.474499144392755	0.514845054101324	0.53099302897521	0.514845054101324	0.474499144392755	0.425806113518137	0.379377458444255	0.337556204912479	
0.333610675606736	0.373997125089356	0.417970719904022	0.463214040071116	0.500166409500476	0.514845054101324	0.500166409500476	0.463214040071116	0.417970719904022	0.373997125089356	0.333610675606736	
0.322349052118392	0.359125629565121	0.39712453191892	0.434176170617281	0.463214040071116	0.474499144392755	0.463214040071116	0.434176170617281	0.39712453191892	0.359125629565121	0.322349052118392	
0.305128819377109	0.337556204912479	0.368842062912618	0.39712453191892	0.417970719904022	0.425806113518137	0.417970719904022	0.39712453191892	0.368842062912618	0.337556204912479	0.305128819377109	
0.283413544594368	0.311814887285851	0.337556204912479	0.359125629565121	0.373997125089356	0.379377458444255	0.373997125089356	0.359125629565121	0.337556204912479	0.311814887285851	0.283413544594368	
0.25843614678095	0.283413544594368	0.305128819377109	0.322349052118392	0.333610675606736	0.337556204912479	0.333610675606736	0.322349052118392	0.305128819377109	0.283413544594368	0.25843614678095	
7.87271569379217e-05	8.6272598378572e-05	9.27679566615647e-05	9.78488885507888e-05	0.000101126397364738	0.000102264788737132	0.000101126397364738	9.78488885507888e-05	9.27679566615647e-05	8.6272598378572e-05	7.87271569379217e-05	
8.6272598378572e-05	9.47495164263094e-05	0.000102264788737132	0.000108385008425881	0.00011249369445299	0.000113956726645917	0.00011249369445299	0.000108385008425881	0.000102264788737132	9.47495164263094e-05	8.6272598378572e-05	
9.27679566615647e-05	0.000102264788737132	0.000111080173010823	0.000118694090183215	0.0001240912875636	0.000126075989102523	0.0001240912875636	0.000118694090183215	0.000111080173010823	0.000102264788737132	9.27679566615647e-05	
9.78488885507888e-05	0.000108385008425881	0.000118694090183215	0.000128171297906157	0.000135259148469742	0.000137945415027061	0.000135259148469742	0.000128171297906157	0.000118694090183215	0.000108385008425881	9.78488885507888e-05	
0.000101126397364738	0.00011249369445299	0.0001240912875636	0.000135259148469742	0.000143932360132128	0.000147287792589955	0.000143932360132128	0.000135259148469742	0.0001240912875636	0.00011249369445299	0.000101126397364738	
0.000102264788737132	0.000113956726645917	0.000126075989102523	0.000137945415027061	0.000147287792589955	0.000150928257249997	0.000147287792589955	0.000137945415027061	0.000126075989102523	0.000113956726645917	0.000102264788737132	
0.000101126397364738	0.00011249369445299	0.0001240912875636	0.000135259148469742	0.000143932360132128	0.000147287792589955	0.000143932360132128	0.000135259148469742	0.0001240912875636	0.00011249369445299	0.000101126397364738	
9.78488885507888e-05	0.000108385008425881	0.000118694090183215	0.000128171297906157	0.000135259148469742	0.000137945415027061	0.000135259148469742	0.000128171297906157	0.000118694090183215	0.000108385008425881	9.78488885507888e-05	
9.27679566615647e-05	0.000102264788737132	0.000111080173010823	0.000118694090183215	0.0001240912875636	0.000126075989102523	0.0001240912875636	0.000118694090183215	0.000111080173010823	0.000102264788737132	9.27679566615647e-05	
8.6272598378572e-05	9.47495164263094e-05	0.000102264788737132	0.000108385008425881	0.00011249369445299	0.000113956726645917	0.00011249369445299	0.000108385008425881	0.000102264788737132	9.47495164263094e-05	8.6272598378572e-05	
7.87271569379217e-05	8.6272598378572e-05	9.27679566615647e-05	9.78488885507888e-05	0.000101126397364738	0.000102264788737132	0.000101126397364738	9.78488885507888e-05	9.27679566615647e-05	8.6272598378572e-05	7.87271569379217e-05	
