#[TIME]:0.300000
#Seen are the grid output values for t=0.300000. If you want to see which gridpoints correspond to which coordinate entries, look for gridmapping text file (if you generated it)
#The following dimensions are plotted:
#Susceptibles
#Exposed
#Infected
#Recovered
#Deaths
#The values are plotted in the above order. Each dimension has 11 rows 
0.0306300851889451	0.0723022712658918	0.140499817481656	0.225206148687232	0.298456493760901	0.327729779654604	0.298456493760901	0.225206148687232	0.140499817481656	0.0723022712658918	0.0306300851889451	
0.0723022712658918	0.169737294919378	0.327729779654604	0.521705379672368	0.687465606843463	0.753190360595199	0.687465606843463	0.521705379672368	0.327729779654604	0.169737294919378	0.0723022712658918	
0.140499817481656	0.327729779654604	0.627254808716207	0.988047673272149	1.28992451341127	1.40788394477214	1.28992451341127	0.988047673272149	0.627254808716206	0.327729779654604	0.140499817481656	
0.225206148687232	0.521705379672368	0.988047673272149	1.53537332219869	1.97954073256257	2.1493033986245	1.97954073256257	1.53537332219869	0.988047673272149	0.521705379672368	0.225206148687232	
0.298456493760901	0.687465606843463	1.28992451341127	1.97954073256257	2.52210667774712	2.72468446200126	2.52210667774712	1.97954073256257	1.28992451341127	0.687465606843463	0.298456493760901	
0.327729779654604	0.753190360595199	1.40788394477214	2.1493033986245	2.72468446200126	2.93724196474339	2.72468446200126	2.1493033986245	1.40788394477214	0.753190360595199	0.327729779654604	
0.298456493760901	0.687465606843463	1.28992451341127	1.97954073256257	2.52210667774712	2.72468446200126	2.52210667774712	1.97954073256257	1.28992451341127	0.687465606843463	0.298456493760901	
0.225206148687232	0.521705379672368	0.988047673272149	1.53537332219869	1.97954073256257	2.1493033986245	1.97954073256257	1.53537332219869	0.988047673272149	0.521705379672368	0.225206148687232	
0.140499817481656	0.327729779654604	0.627254808716207	0.988047673272149	1.28992451341127	1.40788394477214	1.28992451341127	0.988047673272149	0.627254808716206	0.327729779654604	0.140499817481656	
0.0723022712658918	0.169737294919378	0.327729779654604	0.521705379672368	0.687465606843463	0.753190360595199	0.687465606843463	0.521705379672368	0.327729779654604	0.169737294919378	0.0723022712658918	
0.0306300851889451	0.0723022712658918	0.140499817481656	0.225206148687232	0.298456493760901	0.327729779654604	0.298456493760901	0.225206148687232	0.140499817481656	0.0723022712658918	0.0306300851889451	
5.59693254186493	6.14844515831273	6.63833939197583	7.03785969774373	7.3061707371015	7.40169254707312	7.3061707371015	7.03785969774373	6.63833939197583	6.14844515831273	5.59693254186493	
6.14844515831273	6.79208369273153	7.40169254707312	7.93950593546013	8.32684284662871	8.47040274143816	8.32684284662871	7.93950593546013	7.40169254707312	6.79208369273153	6.14844515831273	
6.63833939197583	7.40169254707312	8.19100226930512	8.95661523608941	9.55112164617834	9.78052146963454	9.55112164617834	8.95661523608941	8.19100226930512	7.40169254707312	6.63833939197583	
7.03785969774373	7.93950593546013	8.95661523608941	10.0288365328475	10.9131687313536	11.2650245636162	10.9131687313536	10.0288365328475	8.95661523608941	7.93950593546013	7.03785969774373	
7.3061707371015	8.32684284662871	9.55112164617835	10.9131687313536	12.0787692402725	12.5510420819691	12.0787692402725	10.9131687313536	9.55112164617834	8.32684284662871	7.3061707371015	
7.40169254707312	8.47040274143816	9.78052146963454	11.2650245636162	12.5510420819691	13.0751888402684	12.5510420819691	11.2650245636162	9.78052146963454	8.47040274143816	7.40169254707312	
7.3061707371015	8.32684284662871	9.55112164617835	10.9131687313536	12.0787692402725	12.5510420819691	12.0787692402725	10.9131687313536	9.55112164617834	8.32684284662871	7.3061707371015	
7.03785969774373	7.93950593546013	8.95661523608941	10.0288365328475	10.9131687313536	11.2650245636162	10.9131687313536	10.0288365328475	8.95661523608941	7.93950593546013	7.03785969774373	
6.63833939197583	7.40169254707312	8.19100226930512	8.95661523608941	9.55112164617834	9.78052146963454	9.55112164617834	8.95661523608941	8.19100226930512	7.40169254707312	6.63833939197583	
6.14844515831273	6.79208369273153	7.40169254707312	7.93950593546013	8.32684284662871	8.47040274143816	8.32684284662871	7.93950593546013	7.40169254707312	6.79208369273153	6.14844515831273	
5.59693254186493	6.14844515831273	6.63833939197583	7.03785969774373	7.3061707371015	7.40169254707312	7.3061707371015	7.03785969774373	6.63833939197583	6.14844515831273	5.59693254186493	
0.0426144016084317	0.0467362514673881	0.0503221347579976	0.053167684469648	0.0550295331611681	0.0556819874916487	0.0550295331611681	0.053167684469648	0.0503221347579976	0.0467362514673881	0.0426144016084317	
0.0467362514673881	0.05142675981071	0.0556819874916487	0.0592497460601443	0.0617097513278089	0.0625995843183904	0.0617097513278089	0.0592497460601443	0.0556819874916487	0.05142675981071	0.0467362514673881	
0.0503221347579976	0.0556819874916487	0.0608570663412846	0.0655333098674406	0.0689748689442784	0.0702667044777494	0.0689748689442784	0.0655333098674406	0.0608570663412846	0.0556819874916487	0.0503221347579976	
0.053167684469648	0.0592497460601443	0.0655333098674406	0.0716454359390845	0.0764168450677214	0.0782656019637672	0.0764168450677214	0.0716454359390845	0.0655333098674406	0.0592497460601443	0.053167684469648	
0.0550295331611681	0.0617097513278089	0.0689748689442784	0.0764168450677214	0.0824574438881805	0.0848460253684187	0.0824574438881805	0.0764168450677214	0.0689748689442784	0.0617097513278089	0.0550295331611681	
0.0556819874916487	0.0625995843183904	0.0702667044777494	0.0782656019637672	0.0848460253684187	0.0874660618721824	0.0848460253684187	0.0782656019637672	0.0702667044777494	0.0625995843183904	0.0556819874916487	
0.0550295331611681	0.0617097513278089	0.0689748689442784	0.0764168450677214	0.0824574438881805	0.0848460253684187	0.0824574438881805	0.0764168450677214	0.0689748689442784	0.0617097513278089	0.0550295331611681	
0.053167684469648	0.0592497460601443	0.0655333098674406	0.0716454359390845	0.0764168450677214	0.0782656019637672	0.0764168450677214	0.0716454359390845	0.0655333098674406	0.0592497460601443	0.053167684469648	
0.0503221347579976	0.0556819874916487	0.0608570663412846	0.0655333098674406	0.0689748689442784	0.0702667044777494	0.0689748689442784	0.0655333098674406	0.0608570663412846	0.0556819874916487	0.0503221347579976	
0.0467362514673881	0.05142675981071	0.0556819874916487	0.0592497460601443	0.0617097513278089	0.0625995843183904	0.0617097513278089	0.0592497460601443	0.0556819874916487	0.05142675981071	0.0467362514673881	
0.0426144016084317	0.0467362514673881	0.0503221347579976	0.053167684469648	0.0550295331611681	0.0556819874916487	0.0550295331611681	0.053167684469648	0.0503221347579976	0.0467362514673881	0.0426144016084317	
0.136744324712356	0.149952983519103	0.161426173690288	0.170511405701028	0.176443526258491	0.178519656569663	0.176443526258491	0.170511405701028	0.161426173690288	0.149952983519103	0.136744324712356	
0.149952983519103	0.164955414817657	0.178519656569663	0.189844586706291	0.197623587152989	0.200431206133125	0.197623587152989	0.189844586706291	0.178519656569663	0.164955414817657	0.149952983519103	
0.161426173690288	0.178519656569663	0.194930078381652	0.209664590074183	0.220452999721834	0.224491377043949	0.220452999721834	0.209664590074183	0.194930078381652	0.178519656569663	0.161426173690288	
0.170511405701028	0.189844586706291	0.209664590074183	0.22879514722172	0.243644419738448	0.249381395782884	0.243644419738448	0.22879514722172	0.209664590074183	0.189844586706291	0.170511405701028	
0.176443526258491	0.197623587152989	0.220452999721834	0.243644419738448	0.262360278930194	0.26974004025696	0.262360278930194	0.243644419738448	0.220452999721834	0.197623587152989	0.176443526258491	
0.178519656569663	0.200431206133125	0.224491377043949	0.249381395782884	0.26974004025696	0.277823438234423	0.26974004025696	0.249381395782884	0.224491377043949	0.200431206133125	0.178519656569663	
0.176443526258491	0.197623587152989	0.220452999721834	0.243644419738448	0.262360278930194	0.26974004025696	0.262360278930194	0.243644419738448	0.220452999721834	0.197623587152989	0.176443526258491	
0.170511405701028	0.189844586706291	0.209664590074183	0.22879514722172	0.243644419738448	0.249381395782884	0.243644419738448	0.22879514722172	0.209664590074183	0.189844586706291	0.170511405701028	
0.161426173690288	0.178519656569663	0.194930078381652	0.209664590074183	0.220452999721834	0.224491377043949	0.220452999721834	0.209664590074183	0.194930078381652	0.178519656569663	0.161426173690288	
0.149952983519103	0.164955414817657	0.178519656569663	0.189844586706291	0.197623587152989	0.200431206133125	0.197623587152989	0.189844586706291	0.178519656569663	0.164955414817657	0.149952983519103	
0.136744324712356	0.149952983519103	0.161426173690288	0.170511405701028	0.176443526258491	0.178519656569663	0.176443526258491	0.170511405701028	0.161426173690288	0.149952983519103	0.136744324712356	
5.78253336540329e-05	6.33708643642579e-05	6.81474713459454e-05	7.18866366522065e-05	7.43002095729287e-05	7.51388495261354e-05	7.43002095729287e-05	7.18866366522065e-05	6.81474713459454e-05	6.33708643642579e-05	5.78253336540329e-05	
6.33708643642579e-05	6.96054174222266e-05	7.51388495261354e-05	7.96506058989297e-05	8.26824377013955e-05	8.37625772809188e-05	8.26824377013955e-05	7.96506058989297e-05	7.51388495261354e-05	6.96054174222266e-05	6.33708643642579e-05	
6.81474713459454e-05	7.51388495261354e-05	8.16391247859728e-05	8.72619587692129e-05	9.12516528148544e-05	9.27193795249016e-05	9.12516528148544e-05	8.72619587692129e-05	8.16391247859728e-05	7.51388495261354e-05	6.81474713459454e-05	
7.18866366522065e-05	7.96506058989297e-05	8.72619587692129e-05	9.42691662779209e-05	9.95128532278034e-05	0.000101500320184005	9.95128532278034e-05	9.42691662779209e-05	8.72619587692129e-05	7.96506058989297e-05	7.18866366522065e-05	
7.43002095729287e-05	8.26824377013955e-05	9.12516528148544e-05	9.95128532278034e-05	0.000105929221348649	0.000108410690631393	0.000105929221348649	9.95128532278034e-05	9.12516528148544e-05	8.26824377013955e-05	7.43002095729287e-05	
7.51388495261354e-05	8.37625772809188e-05	9.27193795249016e-05	0.000101500320184005	0.000108410690631393	0.00011110203904616	0.000108410690631393	0.000101500320184005	9.27193795249016e-05	8.37625772809188e-05	7.51388495261354e-05	
7.43002095729287e-05	8.26824377013955e-05	9.12516528148544e-05	9.95128532278034e-05	0.000105929221348649	0.000108410690631393	0.000105929221348649	9.95128532278034e-05	9.12516528148544e-05	8.26824377013955e-05	7.43002095729287e-05	
7.18866366522065e-05	7.96506058989297e-05	8.72619587692129e-05	9.42691662779209e-05	9.95128532278034e-05	0.000101500320184005	9.95128532278034e-05	9.42691662779209e-05	8.72619587692129e-05	7.96506058989297e-05	7.18866366522065e-05	
6.81474713459454e-05	7.51388495261354e-05	8.16391247859728e-05	8.72619587692129e-05	9.12516528148544e-05	9.27193795249016e-05	9.12516528148544e-05	8.72619587692129e-05	8.16391247859728e-05	7.51388495261354e-05	6.81474713459454e-05	
6.33708643642579e-05	6.96054174222266e-05	7.51388495261354e-05	7.96506058989297e-05	8.26824377013955e-05	8.37625772809188e-05	8.26824377013955e-05	7.96506058989297e-05	7.51388495261354e-05	6.96054174222266e-05	6.33708643642579e-05	
5.78253336540329e-05	6.33708643642579e-05	6.81474713459454e-05	7.18866366522065e-05	7.43002095729287e-05	7.51388495261354e-05	7.43002095729287e-05	7.18866366522065e-05	6.81474713459454e-05	6.33708643642579e-05	5.78253336540329e-05	
