#[TIME]:0.400000
#Seen are the grid output values for t=0.400000. If you want to see which gridpoints correspond to which coordinate entries, look for gridmapping text file (if you generated it)
#The following dimensions are plotted:
#Susceptibles
#Exposed
#Infected
#Recovered
#Deaths
#The values are plotted in the above order. Each dimension has 11 rows 
0.0404789102637268	0.0947520113046872	0.182619449307859	0.29053224129488	0.382900267136333	0.419580447902874	0.382900267136333	0.29053224129488	0.182619449307859	0.0947520113046872	0.0404789102637268	
0.0947520113046872	0.220007782430588	0.419580447902874	0.659378617433335	0.859829191237015	0.938150806439194	0.859829191237015	0.659378617433335	0.419580447902874	0.220007782430588	0.0947520113046872	
0.182619449307859	0.419580447902874	0.787497606475848	1.21246269607071	1.55157380566824	1.67968387968411	1.55157380566824	1.21246269607071	0.787497606475848	0.419580447902874	0.182619449307859	
0.29053224129488	0.659378617433335	1.21246269607071	1.8151978271784	2.26146978321805	2.42046607495394	2.26146978321805	1.8151978271784	1.21246269607071	0.659378617433335	0.29053224129488	
0.382900267136333	0.859829191237015	1.55157380566824	2.26146978321805	2.74430468887841	2.90421521296863	2.74430468887841	2.26146978321805	1.55157380566824	0.859829191237015	0.382900267136333	
0.419580447902874	0.938150806439194	1.67968387968411	2.42046607495394	2.90421521296863	3.05848382534282	2.90421521296863	2.42046607495394	1.67968387968411	0.938150806439194	0.419580447902874	
0.382900267136333	0.859829191237015	1.55157380566824	2.26146978321805	2.74430468887841	2.90421521296863	2.74430468887841	2.26146978321805	1.55157380566824	0.859829191237015	0.382900267136333	
0.29053224129488	0.659378617433335	1.21246269607071	1.8151978271784	2.26146978321805	2.42046607495394	2.26146978321805	1.8151978271784	1.21246269607071	0.659378617433335	0.29053224129488	
0.182619449307859	0.419580447902874	0.787497606475848	1.21246269607071	1.55157380566824	1.67968387968411	1.55157380566824	1.21246269607071	0.787497606475848	0.419580447902874	0.182619449307859	
0.0947520113046872	0.220007782430588	0.419580447902874	0.659378617433335	0.859829191237015	0.938150806439194	0.859829191237015	0.659378617433335	0.419580447902874	0.220007782430588	0.0947520113046872	
0.0404789102637268	0.0947520113046872	0.182619449307859	0.29053224129488	0.382900267136333	0.419580447902874	0.382900267136333	0.29053224129488	0.182619449307859	0.0947520113046872	0.0404789102637268	
4.37628707583277	4.82265506104294	5.23407668450436	5.58540107565811	5.83136118995968	5.92107059840461	5.83136118995968	5.58540107565811	5.23407668450436	4.82265506104294	4.37628707583277	
4.82265506104294	5.36733661270696	5.92107059840461	6.44845566447518	6.85202737924344	7.00651774260397	6.85202737924344	6.44845566447518	5.92107059840461	5.36733661270696	4.82265506104294	
5.23407668450436	5.92107059840461	6.70826177869525	7.54829929006067	8.24596252788467	8.52431673053411	8.24596252788467	7.54829929006067	6.70826177869525	5.92107059840461	5.23407668450436	
5.58540107565811	6.44845566447518	7.54829929006067	8.83076691883441	9.95978763925787	10.4228899909662	9.95978763925787	8.83076691883442	7.54829929006067	6.44845566447518	5.58540107565811	
5.83136118995968	6.85202737924344	8.24596252788467	9.95978763925786	11.5178240345604	12.1658189782448	11.5178240345604	9.95978763925787	8.24596252788467	6.85202737924344	5.83136118995968	
5.92107059840461	7.00651774260397	8.52431673053411	10.4228899909662	12.1658189782448	12.8934443496256	12.1658189782448	10.4228899909662	8.52431673053411	7.00651774260397	5.92107059840461	
5.83136118995968	6.85202737924344	8.24596252788467	9.95978763925786	11.5178240345604	12.1658189782448	11.5178240345604	9.95978763925787	8.24596252788467	6.85202737924344	5.83136118995968	
5.58540107565811	6.44845566447518	7.54829929006067	8.83076691883441	9.95978763925787	10.4228899909662	9.95978763925787	8.83076691883442	7.54829929006067	6.44845566447518	5.58540107565811	
5.23407668450436	5.92107059840461	6.70826177869525	7.54829929006067	8.24596252788467	8.52431673053411	8.24596252788467	7.54829929006067	6.70826177869525	5.92107059840461	5.23407668450436	
4.82265506104294	5.36733661270696	5.92107059840461	6.44845566447518	6.85202737924344	7.00651774260397	6.85202737924344	6.44845566447518	5.92107059840461	5.36733661270696	4.82265506104294	
4.37628707583277	4.82265506104294	5.23407668450436	5.58540107565811	5.83136118995968	5.92107059840461	5.83136118995968	5.58540107565811	5.23407668450436	4.82265506104294	4.37628707583277	
0.136505686228458	0.149973226382202	0.161957561935265	0.171757946329747	0.178359328750037	0.180714118884816	0.178359328750037	0.171757946329747	0.161957561935265	0.149973226382202	0.136505686228458	
0.149973226382202	0.165725427741296	0.180714118884816	0.194026418939358	0.203680025664617	0.207273598846186	0.203680025664617	0.194026418939358	0.180714118884816	0.165725427741296	0.149973226382202	
0.161957561935265	0.180714118884816	0.200287615534603	0.219511136970943	0.234619562876879	0.240492688789381	0.234619562876879	0.219511136970943	0.200287615534603	0.180714118884816	0.161957561935265	
0.171757946329747	0.194026418939358	0.219511136970943	0.246877106708601	0.269836674230492	0.279064670448666	0.269836674230492	0.246877106708601	0.219511136970943	0.194026418939358	0.171757946329747	
0.178359328750037	0.203680025664617	0.234619562876879	0.269836674230492	0.300595140157893	0.313203679448362	0.300595140157893	0.269836674230492	0.234619562876879	0.203680025664617	0.178359328750037	
0.180714118884816	0.207273598846186	0.240492688789381	0.279064670448666	0.313203679448362	0.327286449169521	0.313203679448362	0.279064670448666	0.240492688789381	0.207273598846186	0.180714118884816	
0.178359328750037	0.203680025664617	0.234619562876879	0.269836674230492	0.300595140157893	0.313203679448362	0.300595140157893	0.269836674230492	0.234619562876879	0.203680025664617	0.178359328750037	
0.171757946329747	0.194026418939358	0.219511136970943	0.246877106708601	0.269836674230492	0.279064670448666	0.269836674230492	0.246877106708601	0.219511136970943	0.194026418939358	0.171757946329747	
0.161957561935265	0.180714118884816	0.200287615534603	0.219511136970943	0.234619562876879	0.240492688789381	0.234619562876879	0.219511136970943	0.200287615534603	0.180714118884816	0.161957561935265	
0.149973226382202	0.165725427741296	0.180714118884816	0.194026418939358	0.203680025664617	0.207273598846186	0.203680025664617	0.194026418939358	0.180714118884816	0.165725427741296	0.149973226382202	
0.136505686228458	0.149973226382202	0.161957561935265	0.171757946329747	0.178359328750037	0.180714118884816	0.178359328750037	0.171757946329747	0.161957561935265	0.149973226382202	0.136505686228458	
0.491996448415218	0.540394175523793	0.583321790018855	0.618279325440441	0.641733759051138	0.650080634735422	0.641733759051138	0.618279325440441	0.583321790018855	0.540394175523793	0.491996448415218	
0.540394175523793	0.596779544608527	0.650080634735422	0.697066738753373	0.730929115980247	0.743492008531745	0.730929115980247	0.697066738753373	0.650080634735422	0.596779544608527	0.540394175523793	
0.583321790018855	0.650080634735422	0.719048779964729	0.786117056545496	0.838452831245327	0.858724861293965	0.838452831245327	0.786117056545496	0.719048779964729	0.650080634735422	0.583321790018855	
0.618279325440441	0.697066738753373	0.786117056545496	0.880721950076694	0.95954273098407	0.991119903824229	0.95954273098407	0.880721950076694	0.786117056545496	0.697066738753373	0.618279325440441	
0.641733759051138	0.730929115980247	0.838452831245327	0.95954273098407	1.06462028032184	1.10757133991899	1.06462028032184	0.95954273098407	0.838452831245327	0.730929115980247	0.641733759051138	
0.650080634735422	0.743492008531745	0.858724861293965	0.991119903824229	1.10757133991899	1.15548101479007	1.10757133991899	0.991119903824229	0.858724861293965	0.743492008531745	0.650080634735422	
0.641733759051138	0.730929115980247	0.838452831245327	0.95954273098407	1.06462028032184	1.10757133991899	1.06462028032184	0.95954273098407	0.838452831245327	0.730929115980247	0.641733759051138	
0.618279325440441	0.697066738753373	0.786117056545496	0.880721950076694	0.95954273098407	0.991119903824229	0.95954273098407	0.880721950076694	0.786117056545496	0.697066738753373	0.618279325440441	
0.583321790018855	0.650080634735422	0.719048779964729	0.786117056545496	0.838452831245327	0.858724861293965	0.838452831245327	0.786117056545496	0.719048779964729	0.650080634735422	0.583321790018855	
0.540394175523793	0.596779544608527	0.650080634735422	0.697066738753373	0.730929115980247	0.743492008531745	0.730929115980247	0.697066738753373	0.650080634735422	0.596779544608527	0.540394175523793	
0.491996448415218	0.540394175523793	0.583321790018855	0.618279325440441	0.641733759051138	0.650080634735422	0.641733759051138	0.618279325440441	0.583321790018855	0.540394175523793	0.491996448415218	
0.0002590902964227	0.000284288523125724	0.000306353985236807	0.000324022256520506	0.00033568724219357	0.000339798217513119	0.00033568724219357	0.000324022256520506	0.000306353985236807	0.000284288523125724	0.0002590902964227	
0.000284288523125724	0.000313192593354483	0.000339798217513119	0.000362524785889202	0.000378468061179902	0.000384294544796796	0.000378468061179902	0.000362524785889202	0.000339798217513119	0.000313192593354483	0.000284288523125724	
0.000306353985236807	0.000339798217513119	0.000372914859995056	0.000403736010007398	0.000427000089707089	0.000435858219911192	0.000427000089707089	0.000403736010007398	0.000372914859995056	0.000339798217513119	0.000306353985236807	
0.000324022256520506	0.000362524785889202	0.000403736010007398	0.000445385956755544	0.000478921641912816	0.000492137858819126	0.000478921641912816	0.000445385956755544	0.000403736010007398	0.000362524785889202	0.000324022256520506	
0.00033568724219357	0.000378468061179902	0.000427000089707089	0.000478921641912816	0.000522527728102079	0.000540089988262895	0.000522527728102079	0.000478921641912816	0.000427000089707089	0.000378468061179902	0.00033568724219357	
0.000339798217513119	0.000384294544796796	0.000435858219911192	0.000492137858819126	0.000540089988262895	0.00055954381011569	0.000540089988262895	0.000492137858819126	0.000435858219911192	0.000384294544796796	0.000339798217513119	
0.00033568724219357	0.000378468061179902	0.000427000089707089	0.000478921641912816	0.000522527728102079	0.000540089988262895	0.000522527728102079	0.000478921641912816	0.000427000089707089	0.000378468061179902	0.00033568724219357	
0.000324022256520506	0.000362524785889202	0.000403736010007398	0.000445385956755544	0.000478921641912816	0.000492137858819126	0.000478921641912816	0.000445385956755544	0.000403736010007398	0.000362524785889202	0.000324022256520506	
0.000306353985236807	0.000339798217513119	0.000372914859995056	0.000403736010007398	0.000427000089707089	0.000435858219911192	0.000427000089707089	0.000403736010007398	0.000372914859995056	0.000339798217513119	0.000306353985236807	
0.000284288523125724	0.000313192593354483	0.000339798217513119	0.000362524785889202	0.000378468061179902	0.000384294544796796	0.000378468061179902	0.000362524785889202	0.000339798217513119	0.000313192593354483	0.000284288523125724	
0.0002590902964227	0.000284288523125724	0.000306353985236807	0.000324022256520506	0.00033568724219357	0.000339798217513119	0.00033568724219357	0.000324022256520506	0.000306353985236807	0.000284288523125724	0.0002590902964227	
