#[TIME]:0.100000
#Seen are the grid output values for t=0.100000. If you want to see which gridpoints correspond to which coordinate entries, look for gridmapping text file (if you generated it)
#The following dimensions are plotted:
#Susceptibles
#Exposed
#Infected
#Recovered
#Deaths
#The values are plotted in the above order. Each dimension has 11 rows 
0.0583911453684543	0.141694589052116	0.282060182995823	0.460877675598708	0.618540919857883	0.682228964882821	0.618540919857883	0.460877675598708	0.282060182995823	0.141694589052116	0.0583911453684543	
0.141694589052116	0.343301611109471	0.682228964882821	1.11285225514	1.49154814798662	1.64426740339032	1.49154814798662	1.11285225514	0.682228964882821	0.343301611109471	0.141694589052116	
0.282060182995823	0.682228964882821	1.35290674875977	2.20159883038718	2.94477925709194	3.24363173768071	2.94477925709194	2.20159883038718	1.35290674875977	0.682228964882821	0.282060182995823	
0.460877675598708	1.11285225514	2.20159883038718	3.5721989274831	4.76551545412773	5.24347264798707	4.76551545412773	3.5721989274831	2.20159883038718	1.11285225514	0.460877675598708	
0.618540919857883	1.49154814798662	2.94477925709194	4.76551545412772	6.34208073232048	6.97109496848784	6.34208073232048	4.76551545412773	2.94477925709194	1.49154814798662	0.618540919857883	
0.682228964882821	1.64426740339032	3.24363173768071	5.24347264798707	6.97109496848784	7.65922714583333	6.97109496848784	5.24347264798707	3.24363173768071	1.64426740339032	0.682228964882821	
0.618540919857883	1.49154814798662	2.94477925709194	4.76551545412772	6.34208073232048	6.97109496848784	6.34208073232048	4.76551545412773	2.94477925709194	1.49154814798662	0.618540919857883	
0.460877675598708	1.11285225514	2.20159883038718	3.5721989274831	4.76551545412773	5.24347264798707	4.76551545412773	3.5721989274831	2.20159883038718	1.11285225514	0.460877675598708	
0.282060182995823	0.682228964882821	1.35290674875977	2.20159883038718	2.94477925709194	3.24363173768071	2.94477925709194	2.20159883038718	1.35290674875977	0.682228964882821	0.282060182995823	
0.141694589052116	0.343301611109471	0.682228964882821	1.11285225514	1.49154814798662	1.64426740339032	1.49154814798662	1.11285225514	0.682228964882821	0.343301611109471	0.141694589052116	
0.0583911453684543	0.141694589052116	0.282060182995823	0.460877675598708	0.618540919857883	0.682228964882821	0.618540919857883	0.460877675598708	0.282060182995823	0.141694589052116	0.0583911453684543	
5.59149568376972	6.13157098413216	6.60078323698403	6.97251970719694	7.21540192487992	7.30044725890151	7.21540192487992	6.97251970719694	6.60078323698403	6.13157098413216	5.59149568376972	
6.13157098413216	6.74516041512661	7.30044725890151	7.76486442534773	8.08451891143157	8.20005033044958	8.08451891143157	7.76486442534773	7.30044725890151	6.74516041512661	6.13157098413216	
6.60078323698403	7.30044725890151	7.97376664579925	8.58069329871878	9.02697387867111	9.19449672732171	9.02697387867111	8.58069329871878	7.97376664579925	7.30044725890151	6.60078323698403	
6.97251970719694	7.76486442534773	8.58069329871878	9.37332669329707	9.99282793273083	10.2332479469734	9.99282793273083	9.37332669329707	8.58069329871878	7.76486442534773	6.97251970719694	
7.21540192487992	8.08451891143157	9.02697387867111	9.99282793273083	10.7794701230682	11.0915208658299	10.7794701230682	9.99282793273083	9.02697387867111	8.08451891143157	7.21540192487992	
7.30044725890151	8.20005033044958	9.19449672732171	10.2332479469734	11.0915208658299	11.4345784097222	11.0915208658299	10.2332479469734	9.19449672732171	8.20005033044958	7.30044725890151	
7.21540192487992	8.08451891143157	9.02697387867111	9.99282793273083	10.7794701230682	11.0915208658299	10.7794701230682	9.99282793273083	9.02697387867111	8.08451891143157	7.21540192487992	
6.97251970719694	7.76486442534773	8.58069329871878	9.37332669329707	9.99282793273083	10.2332479469734	9.99282793273083	9.37332669329707	8.58069329871878	7.76486442534773	6.97251970719694	
6.60078323698403	7.30044725890151	7.97376664579925	8.58069329871878	9.02697387867111	9.19449672732171	9.02697387867111	8.58069329871878	7.97376664579925	7.30044725890151	6.60078323698403	
6.13157098413216	6.74516041512661	7.30044725890151	7.76486442534773	8.08451891143157	8.20005033044958	8.08451891143157	7.76486442534773	7.30044725890151	6.74516041512661	6.13157098413216	
5.59149568376972	6.13157098413216	6.60078323698403	6.97251970719694	7.21540192487992	7.30044725890151	7.21540192487992	6.97251970719694	6.60078323698403	6.13157098413216	5.59149568376972	
0.0460212602050002	0.0504233648957683	0.0542039448866623	0.0571515531083526	0.0590465370068959	0.0597033077701366	0.0590465370068959	0.0571515531083526	0.0542039448866623	0.0504233648957683	0.0460212602050002	
0.0504233648957683	0.0553547504872162	0.0597033077701366	0.0632191696731078	0.0655627958634037	0.0663936538131023	0.0655627958634037	0.0632191696731078	0.0597033077701366	0.0553547504872162	0.0504233648957683	
0.0542039448866623	0.0597033077701366	0.0647581815251531	0.0690697174872131	0.0720903219152609	0.0731932493714313	0.0720903219152609	0.0690697174872131	0.0647581815251531	0.0597033077701366	0.0542039448866623	
0.0571515531083526	0.0632191696731078	0.0690697174872131	0.074353008519703	0.0782408207725887	0.0797001447853559	0.0782408207725887	0.0743530085197031	0.0690697174872131	0.0632191696731078	0.0571515531083526	
0.0590465370068959	0.0655627958634037	0.072090321915261	0.0782408207725887	0.082925193862407	0.0847165243272408	0.082925193862407	0.0782408207725887	0.0720903219152609	0.0655627958634037	0.0590465370068959	
0.0597033077701366	0.0663936538131023	0.0731932493714313	0.0797001447853559	0.0847165243272408	0.0866472222222222	0.0847165243272408	0.0797001447853559	0.0731932493714313	0.0663936538131023	0.0597033077701366	
0.0590465370068959	0.0655627958634037	0.072090321915261	0.0782408207725887	0.082925193862407	0.0847165243272408	0.082925193862407	0.0782408207725887	0.0720903219152609	0.0655627958634037	0.0590465370068959	
0.0571515531083526	0.0632191696731078	0.0690697174872131	0.074353008519703	0.0782408207725887	0.0797001447853559	0.0782408207725887	0.0743530085197031	0.0690697174872131	0.0632191696731078	0.0571515531083526	
0.0542039448866623	0.0597033077701366	0.0647581815251531	0.0690697174872131	0.0720903219152609	0.0731932493714313	0.0720903219152609	0.0690697174872131	0.0647581815251531	0.0597033077701366	0.0542039448866623	
0.0504233648957683	0.0553547504872162	0.0597033077701366	0.0632191696731078	0.0655627958634037	0.0663936538131023	0.0655627958634037	0.0632191696731078	0.0597033077701366	0.0553547504872162	0.0504233648957683	
0.0460212602050002	0.0504233648957683	0.0542039448866623	0.0571515531083526	0.0590465370068959	0.0597033077701366	0.0590465370068959	0.0571515531083526	0.0542039448866623	0.0504233648957683	0.0460212602050002	
0.13259223259748	0.145268863164241	0.156149154586206	0.164625021823584	0.170069335375782	0.171955199563065	0.170069335375782	0.164625021823584	0.156149154586206	0.145268863164241	0.13259223259748	
0.145268863164241	0.159459222464704	0.171955199563065	0.182039732956281	0.188749972779381	0.191126286004466	0.188749972779381	0.182039732956281	0.171955199563065	0.159459222464704	0.145268863164241	
0.156149154586206	0.171955199563065	0.186447398315651	0.198770172966908	0.207379436878434	0.210517956789895	0.207379436878434	0.198770172966908	0.186447398315651	0.171955199563065	0.156149154586206	
0.164625021823584	0.182039732956281	0.198770172966908	0.21381532961523	0.224848178019544	0.228981555430612	0.224848178019544	0.21381532961523	0.198770172966908	0.182039732956281	0.164625021823584	
0.170069335375782	0.188749972779381	0.207379436878435	0.224848178019543	0.238101991661005	0.24315998260295	0.238101991661005	0.224848178019544	0.207379436878434	0.188749972779381	0.170069335375782	
0.171955199563065	0.191126286004466	0.210517956789895	0.228981555430612	0.24315998260295	0.248605635555556	0.24315998260295	0.228981555430612	0.210517956789895	0.191126286004466	0.171955199563065	
0.170069335375782	0.188749972779381	0.207379436878435	0.224848178019543	0.238101991661005	0.24315998260295	0.238101991661005	0.224848178019544	0.207379436878434	0.188749972779381	0.170069335375782	
0.164625021823584	0.182039732956281	0.198770172966908	0.21381532961523	0.224848178019544	0.228981555430612	0.224848178019544	0.21381532961523	0.198770172966908	0.182039732956281	0.164625021823584	
0.156149154586206	0.171955199563065	0.186447398315651	0.198770172966908	0.207379436878434	0.210517956789895	0.207379436878434	0.198770172966908	0.186447398315651	0.171955199563065	0.156149154586206	
0.145268863164241	0.159459222464704	0.171955199563065	0.182039732956281	0.188749972779381	0.191126286004466	0.188749972779381	0.182039732956281	0.171955199563065	0.159459222464704	0.145268863164241	
0.13259223259748	0.145268863164241	0.156149154586206	0.164625021823584	0.170069335375782	0.171955199563065	0.170069335375782	0.164625021823584	0.156149154586206	0.145268863164241	0.13259223259748	
2.22252497541467e-05	2.43343527070254e-05	2.61282094487549e-05	2.7507683071021e-05	2.8381930566285e-05	2.86821392198638e-05	2.8381930566285e-05	2.7507683071021e-05	2.61282094487549e-05	2.43343527070254e-05	2.22252497541467e-05	
2.43343527070254e-05	2.66692333417321e-05	2.86821392198638e-05	3.02599541523076e-05	3.12797742239355e-05	3.16344168755405e-05	3.12797742239355e-05	3.02599541523076e-05	2.86821392198638e-05	2.66692333417321e-05	2.43343527070254e-05	
2.61282094487549e-05	2.86821392198638e-05	3.09328139337417e-05	3.27504085985701e-05	3.39600413638277e-05	3.43883315391151e-05	3.39600413638277e-05	3.27504085985701e-05	3.09328139337417e-05	2.86821392198638e-05	2.61282094487549e-05	
2.7507683071021e-05	3.02599541523076e-05	3.27504085985701e-05	3.48310406763912e-05	3.62596595882488e-05	3.67748441205503e-05	3.62596595882488e-05	3.48310406763912e-05	3.27504085985701e-05	3.02599541523076e-05	2.7507683071021e-05	
2.8381930566285e-05	3.12797742239355e-05	3.39600413638277e-05	3.62596595882488e-05	3.78756063173032e-05	3.8465977216949e-05	3.78756063173032e-05	3.62596595882488e-05	3.39600413638277e-05	3.12797742239355e-05	2.8381930566285e-05	
2.86821392198638e-05	3.16344168755405e-05	3.43883315391151e-05	3.67748441205503e-05	3.8465977216949e-05	3.90866666666667e-05	3.8465977216949e-05	3.67748441205503e-05	3.43883315391151e-05	3.16344168755405e-05	2.86821392198638e-05	
2.8381930566285e-05	3.12797742239355e-05	3.39600413638277e-05	3.62596595882488e-05	3.78756063173032e-05	3.8465977216949e-05	3.78756063173032e-05	3.62596595882488e-05	3.39600413638277e-05	3.12797742239355e-05	2.8381930566285e-05	
2.7507683071021e-05	3.02599541523076e-05	3.27504085985701e-05	3.48310406763912e-05	3.62596595882488e-05	3.67748441205503e-05	3.62596595882488e-05	3.48310406763912e-05	3.27504085985701e-05	3.02599541523076e-05	2.7507683071021e-05	
2.61282094487549e-05	2.86821392198638e-05	3.09328139337417e-05	3.27504085985701e-05	3.39600413638277e-05	3.43883315391151e-05	3.39600413638277e-05	3.27504085985701e-05	3.09328139337417e-05	2.86821392198638e-05	2.61282094487549e-05	
2.43343527070254e-05	2.66692333417321e-05	2.86821392198638e-05	3.02599541523076e-05	3.12797742239355e-05	3.16344168755405e-05	3.12797742239355e-05	3.02599541523076e-05	2.86821392198638e-05	2.66692333417321e-05	2.43343527070254e-05	
2.22252497541467e-05	2.43343527070254e-05	2.61282094487549e-05	2.7507683071021e-05	2.8381930566285e-05	2.86821392198638e-05	2.8381930566285e-05	2.7507683071021e-05	2.61282094487549e-05	2.43343527070254e-05	2.22252497541467e-05	
