#[TIME]:0.100000
#Seen are the grid output values for t=0.100000. If you want to see which gridpoints correspond to which coordinate entries, look for gridmapping text file (if you generated it)
#The following dimensions are plotted:
#Susceptibles
#Exposed
#Infected
#Recovered
#Deaths
#The values are plotted in the above order. Each dimension has 11 rows 
0.0583911453684543	0.141694589052116	0.282060182995823	0.460877675598708	0.618540919857883	0.682228964882821	0.618540919857883	0.460877675598708	0.282060182995823	0.141694589052116	0.0583911453684543	
0.141694589052116	0.343301611109471	0.682228964882821	1.11285225514	1.49154814798662	1.64426740339032	1.49154814798662	1.11285225514	0.682228964882821	0.343301611109471	0.141694589052116	
0.282060182995823	0.682228964882821	1.35290674875977	2.20159883038718	2.94477925709194	3.24363173768071	2.94477925709194	2.20159883038718	1.35290674875977	0.682228964882821	0.282060182995823	
0.460877675598708	1.11285225514	2.20159883038718	3.5721989274831	4.76551545412773	5.24347264798707	4.76551545412773	3.5721989274831	2.20159883038718	1.11285225514	0.460877675598708	
0.618540919857883	1.49154814798662	2.94477925709194	4.76551545412772	6.34208073232048	6.97109496848784	6.34208073232048	4.76551545412773	2.94477925709194	1.49154814798662	0.618540919857883	
0.682228964882821	1.64426740339032	3.24363173768071	5.24347264798707	6.97109496848784	7.65922714583333	6.97109496848784	5.24347264798707	3.24363173768071	1.64426740339032	0.682228964882821	
0.618540919857883	1.49154814798662	2.94477925709194	4.76551545412772	6.34208073232048	6.97109496848784	6.34208073232048	4.76551545412773	2.94477925709194	1.49154814798662	0.618540919857883	
0.460877675598708	1.11285225514	2.20159883038718	3.5721989274831	4.76551545412773	5.24347264798707	4.76551545412773	3.5721989274831	2.20159883038718	1.11285225514	0.460877675598708	
0.282060182995823	0.682228964882821	1.35290674875977	2.20159883038718	2.94477925709194	3.24363173768071	2.94477925709194	2.20159883038718	1.35290674875977	0.682228964882821	0.282060182995823	
0.141694589052116	0.343301611109471	0.682228964882821	1.11285225514	1.49154814798662	1.64426740339032	1.49154814798662	1.11285225514	0.682228964882821	0.343301611109471	0.141694589052116	
0.0583911453684543	0.141694589052116	0.282060182995823	0.460877675598708	0.618540919857883	0.682228964882821	0.618540919857883	0.460877675598708	0.282060182995823	0.141694589052116	0.0583911453684543	
5.59149568376972	6.13157098413216	6.60078323698403	6.97251970719694	7.21540192487992	7.30044725890151	7.21540192487992	6.97251970719694	6.60078323698403	6.13157098413216	5.59149568376972	
6.13157098413216	6.74516041512661	7.30044725890151	7.76486442534773	8.08451891143157	8.20005033044958	8.08451891143157	7.76486442534773	7.30044725890151	6.74516041512661	6.13157098413216	
6.60078323698403	7.30044725890151	7.97376664579925	8.58069329871878	9.02697387867111	9.19449672732171	9.02697387867111	8.58069329871878	7.97376664579925	7.30044725890151	6.60078323698403	
6.97251970719694	7.76486442534773	8.58069329871878	9.37332669329707	9.99282793273083	10.2332479469734	9.99282793273083	9.37332669329707	8.58069329871878	7.76486442534773	6.97251970719694	
7.21540192487992	8.08451891143157	9.02697387867111	9.99282793273083	10.7794701230682	11.0915208658299	10.7794701230682	9.99282793273083	9.02697387867111	8.08451891143157	7.21540192487992	
7.30044725890151	8.20005033044958	9.19449672732171	10.2332479469734	11.0915208658299	11.4345784097222	11.0915208658299	10.2332479469734	9.19449672732171	8.20005033044958	7.30044725890151	
7.21540192487992	8.08451891143157	9.02697387867111	9.99282793273083	10.7794701230682	11.0915208658299	10.7794701230682	9.99282793273083	9.02697387867111	8.08451891143157	7.21540192487992	
6.97251970719694	7.76486442534773	8.58069329871878	9.37332669329707	9.99282793273083	10.2332479469734	9.99282793273083	9.37332669329707	8.58069329871878	7.76486442534773	6.97251970719694	
6.60078323698403	7.30044725890151	7.97376664579925	8.58069329871878	9.02697387867111	9.19449672732171	9.02697387867111	8.58069329871878	7.97376664579925	7.30044725890151	6.60078323698403	
6.13157098413216	6.74516041512661	7.30044725890151	7.76486442534773	8.08451891143157	8.20005033044958	8.08451891143157	7.76486442534773	7.30044725890151	6.74516041512661	6.13157098413216	
5.59149568376972	6.13157098413216	6.60078323698403	6.97251970719694	7.21540192487992	7.30044725890151	7.21540192487992	6.97251970719694	6.60078323698403	6.13157098413216	5.59149568376972	
0.0436728846017052	0.0478503584324555	0.0514380227626881	0.0542352202567048	0.056033506804151	0.0566567638298173	0.056033506804151	0.0542352202567048	0.0514380227626881	0.0478503584324555	0.0436728846017052	
0.0478503584324555	0.0525301049866017	0.0566567638298173	0.0599932181224642	0.0622172536161121	0.0630057144969303	0.0622172536161121	0.0599932181224642	0.0566567638298173	0.0525301049866017	0.0478503584324555	
0.0514380227626881	0.0566567638298173	0.0614536971861759	0.0655452238346941	0.0684116926803082	0.0694583398886379	0.0684116926803082	0.0655452238346941	0.0614536971861759	0.0566567638298173	0.0514380227626881	
0.0542352202567048	0.0599932181224642	0.0655452238346941	0.0705589187781039	0.0742483435160845	0.075633201056321	0.0742483435160845	0.0705589187781039	0.0655452238346941	0.0599932181224642	0.0542352202567048	
0.056033506804151	0.0622172536161121	0.0684116926803082	0.0742483435160845	0.0786936821372278	0.0803936044845455	0.0786936821372278	0.0742483435160845	0.0684116926803082	0.0622172536161121	0.056033506804151	
0.0566567638298173	0.0630057144969303	0.0694583398886379	0.075633201056321	0.0803936044845455	0.0822257826124951	0.0803936044845455	0.075633201056321	0.0694583398886379	0.0630057144969303	0.0566567638298173	
0.056033506804151	0.0622172536161121	0.0684116926803082	0.0742483435160845	0.0786936821372278	0.0803936044845455	0.0786936821372278	0.0742483435160845	0.0684116926803082	0.0622172536161121	0.056033506804151	
0.0542352202567048	0.0599932181224642	0.0655452238346941	0.0705589187781039	0.0742483435160845	0.075633201056321	0.0742483435160845	0.0705589187781039	0.0655452238346941	0.0599932181224642	0.0542352202567048	
0.0514380227626881	0.0566567638298173	0.0614536971861759	0.0655452238346941	0.0684116926803082	0.0694583398886379	0.0684116926803082	0.0655452238346941	0.0614536971861759	0.0566567638298173	0.0514380227626881	
0.0478503584324555	0.0525301049866017	0.0566567638298173	0.0599932181224642	0.0622172536161121	0.0630057144969303	0.0622172536161121	0.0599932181224642	0.0566567638298173	0.0525301049866017	0.0478503584324555	
0.0436728846017052	0.0478503584324555	0.0514380227626881	0.0542352202567048	0.056033506804151	0.0566567638298173	0.056033506804151	0.0542352202567048	0.0514380227626881	0.0478503584324555	0.0436728846017052	
0.133217200735713	0.14595367204553	0.156885417922238	0.165401471218618	0.170871665029652	0.172766508886386	0.170871665029652	0.165401471218618	0.156885417922238	0.14595367204553	0.133217200735713	
0.14595367204553	0.160211166480114	0.172766508886386	0.182899217536514	0.189641684615415	0.192029447689149	0.189641684615415	0.182899217536514	0.172766508886386	0.160211166480114	0.14595367204553	
0.156885417922238	0.172766508886386	0.187328034555906	0.199710306799344	0.208361482089585	0.211515353217655	0.208361482089585	0.199710306799344	0.187328034555906	0.172766508886386	0.156885417922238	
0.165401471218618	0.182899217536514	0.199710306799344	0.214828895657182	0.225916147264849	0.230070020763569	0.225916147264849	0.214828895657182	0.199710306799344	0.182899217536514	0.165401471218618	
0.170871665029652	0.189641684615415	0.208361482089585	0.225916147264849	0.239235887746385	0.244319188176204	0.239235887746385	0.225916147264849	0.208361482089585	0.189641684615415	0.170871665029652	
0.172766508886386	0.192029447689149	0.211515353217655	0.230070020763569	0.244319188176204	0.249792175600936	0.244319188176204	0.230070020763569	0.211515353217655	0.192029447689149	0.172766508886386	
0.170871665029652	0.189641684615415	0.208361482089585	0.225916147264849	0.239235887746385	0.244319188176204	0.239235887746385	0.225916147264849	0.208361482089585	0.189641684615415	0.170871665029652	
0.165401471218618	0.182899217536514	0.199710306799344	0.214828895657182	0.225916147264849	0.230070020763569	0.225916147264849	0.214828895657182	0.199710306799344	0.182899217536514	0.165401471218618	
0.156885417922238	0.172766508886386	0.187328034555906	0.199710306799344	0.208361482089585	0.211515353217655	0.208361482089585	0.199710306799344	0.187328034555906	0.172766508886386	0.156885417922238	
0.14595367204553	0.160211166480114	0.172766508886386	0.182899217536514	0.189641684615415	0.192029447689149	0.189641684615415	0.182899217536514	0.172766508886386	0.160211166480114	0.14595367204553	
0.133217200735713	0.14595367204553	0.156885417922238	0.165401471218618	0.170871665029652	0.172766508886386	0.170871665029652	0.165401471218618	0.156885417922238	0.14595367204553	0.133217200735713	
2.1091138387633e-05	2.30926179095732e-05	2.47949376227789e-05	2.61040193829907e-05	2.69336557250621e-05	2.72185453136083e-05	2.69336557250621e-05	2.61040193829907e-05	2.47949376227789e-05	2.30926179095732e-05	2.1091138387633e-05	
2.30926179095732e-05	2.53083541163627e-05	2.72185453136083e-05	2.87158474118237e-05	2.9683628044173e-05	3.00201739694562e-05	2.9683628044173e-05	2.87158474118237e-05	2.72185453136083e-05	2.53083541163627e-05	2.30926179095732e-05	
2.47949376227789e-05	2.72185453136083e-05	2.9354372464306e-05	3.10792188004587e-05	3.22271263530163e-05	3.26335617117625e-05	3.22271263530163e-05	3.10792188004587e-05	2.9354372464306e-05	2.72185453136083e-05	2.47949376227789e-05	
2.61040193829907e-05	2.87158474118237e-05	3.10792188004587e-05	3.30536802608474e-05	3.44093995218899e-05	3.48982951872316e-05	3.44093995218899e-05	3.30536802608474e-05	3.10792188004587e-05	2.87158474118237e-05	2.61040193829907e-05	
2.69336557250621e-05	2.9683628044173e-05	3.22271263530163e-05	3.44093995218899e-05	3.59428876251302e-05	3.6503133043391e-05	3.59428876251302e-05	3.44093995218899e-05	3.22271263530163e-05	2.9683628044173e-05	2.69336557250621e-05	
2.72185453136083e-05	3.00201739694562e-05	3.26335617117625e-05	3.48982951872316e-05	3.6503133043391e-05	3.7092149914947e-05	3.6503133043391e-05	3.48982951872316e-05	3.26335617117625e-05	3.00201739694562e-05	2.72185453136083e-05	
2.69336557250621e-05	2.9683628044173e-05	3.22271263530163e-05	3.44093995218899e-05	3.59428876251302e-05	3.6503133043391e-05	3.59428876251302e-05	3.44093995218899e-05	3.22271263530163e-05	2.9683628044173e-05	2.69336557250621e-05	
2.61040193829907e-05	2.87158474118237e-05	3.10792188004587e-05	3.30536802608474e-05	3.44093995218899e-05	3.48982951872316e-05	3.44093995218899e-05	3.30536802608474e-05	3.10792188004587e-05	2.87158474118237e-05	2.61040193829907e-05	
2.47949376227789e-05	2.72185453136083e-05	2.9354372464306e-05	3.10792188004587e-05	3.22271263530163e-05	3.26335617117625e-05	3.22271263530163e-05	3.10792188004587e-05	2.9354372464306e-05	2.72185453136083e-05	2.47949376227789e-05	
2.30926179095732e-05	2.53083541163627e-05	2.72185453136083e-05	2.87158474118237e-05	2.9683628044173e-05	3.00201739694562e-05	2.9683628044173e-05	2.87158474118237e-05	2.72185453136083e-05	2.53083541163627e-05	2.30926179095732e-05	
2.1091138387633e-05	2.30926179095732e-05	2.47949376227789e-05	2.61040193829907e-05	2.69336557250621e-05	2.72185453136083e-05	2.69336557250621e-05	2.61040193829907e-05	2.47949376227789e-05	2.30926179095732e-05	2.1091138387633e-05	
