#[TIME]:0.600000
#Seen are the grid output values for t=0.600000. If you want to see which gridpoints correspond to which coordinate entries, look for gridmapping text file (if you generated it)
#The following dimensions are plotted:
#Susceptibles
#Exposed
#Infected
#Recovered
#Deaths
#The values are plotted in the above order. Each dimension has 11 rows 
0.030371722236041	0.0690196461762121	0.129383867047277	0.200924792709952	0.260290671618095	0.283426933248241	0.260290671618095	0.200924792709952	0.129383867047277	0.0690196461762121	0.030371722236041	
0.0690196461762121	0.154459357014282	0.283426933248241	0.428923863556956	0.543130456757549	0.585928459706405	0.543130456757549	0.428923863556956	0.283426933248241	0.154459357014282	0.0690196461762121	
0.129383867047277	0.283426933248241	0.502692307073809	0.727559966744888	0.883991596880081	0.937343891213801	0.883991596880081	0.727559966744889	0.502692307073809	0.283426933248241	0.129383867047277	
0.200924792709952	0.428923863556956	0.727559966744889	0.990112047639929	1.13442811274283	1.17347903413535	1.13442811274283	0.990112047639929	0.727559966744889	0.428923863556956	0.200924792709952	
0.260290671618095	0.543130456757549	0.883991596880081	1.13442811274283	1.22844170316563	1.24085275802198	1.22844170316563	1.13442811274283	0.883991596880081	0.543130456757549	0.260290671618095	
0.283426933248241	0.585928459706405	0.937343891213801	1.17347903413535	1.24085275802198	1.24094810430509	1.24085275802198	1.17347903413535	0.937343891213801	0.585928459706405	0.283426933248241	
0.260290671618095	0.543130456757549	0.883991596880081	1.13442811274283	1.22844170316563	1.24085275802198	1.22844170316563	1.13442811274283	0.883991596880081	0.543130456757549	0.260290671618095	
0.200924792709952	0.428923863556956	0.727559966744889	0.990112047639929	1.13442811274283	1.17347903413535	1.13442811274283	0.990112047639929	0.727559966744889	0.428923863556956	0.200924792709952	
0.129383867047277	0.283426933248241	0.502692307073809	0.727559966744888	0.883991596880081	0.937343891213801	0.883991596880081	0.727559966744889	0.502692307073809	0.283426933248241	0.129383867047277	
0.0690196461762121	0.154459357014282	0.283426933248241	0.428923863556956	0.543130456757549	0.585928459706405	0.543130456757549	0.428923863556956	0.283426933248241	0.154459357014282	0.0690196461762121	
0.030371722236041	0.0690196461762121	0.129383867047277	0.200924792709952	0.260290671618095	0.283426933248241	0.260290671618095	0.200924792709952	0.129383867047277	0.0690196461762121	0.030371722236041	
3.42180173559687	3.78349283935818	4.1282339349912	4.43378902633359	4.65423587315113	4.73594413996227	4.65423587315113	4.43378902633359	4.1282339349912	3.78349283935818	3.42180173559687	
3.78349283935818	4.24284790006714	4.73594413996227	5.22898162395367	5.61841837771683	5.76965526442473	5.61841837771683	5.22898162395367	4.73594413996227	4.24284790006714	3.78349283935818	
4.1282339349912	4.73594413996227	5.47868051274259	6.30696094814025	7.00886983916189	7.29045665584638	7.00886983916189	6.30696094814025	5.47868051274259	4.73594413996227	4.1282339349912	
4.43378902633359	5.22898162395367	6.30696094814025	7.60079041579431	8.74106409850518	9.20514584073131	8.74106409850518	7.60079041579432	6.30696094814025	5.22898162395367	4.43378902633359	
4.65423587315113	5.61841837771683	7.00886983916189	8.74106409850518	10.2891075640741	10.9202152360255	10.2891075640741	8.74106409850518	7.00886983916189	5.61841837771683	4.65423587315113	
4.73594413996227	5.76965526442473	7.29045665584638	9.20514584073131	10.9202152360255	11.6187115958718	10.9202152360255	9.20514584073131	7.29045665584638	5.76965526442473	4.73594413996227	
4.65423587315113	5.61841837771683	7.00886983916189	8.74106409850518	10.2891075640741	10.9202152360255	10.2891075640741	8.74106409850518	7.00886983916189	5.61841837771683	4.65423587315113	
4.43378902633359	5.22898162395367	6.30696094814025	7.60079041579431	8.74106409850518	9.20514584073131	8.74106409850518	7.60079041579432	6.30696094814025	5.22898162395367	4.43378902633359	
4.1282339349912	4.73594413996227	5.47868051274259	6.30696094814025	7.00886983916189	7.29045665584638	7.00886983916189	6.30696094814025	5.47868051274259	4.73594413996227	4.1282339349912	
3.78349283935818	4.24284790006714	4.73594413996227	5.22898162395367	5.61841837771683	5.76965526442473	5.61841837771683	5.22898162395367	4.73594413996227	4.24284790006714	3.78349283935818	
3.42180173559687	3.78349283935818	4.1282339349912	4.43378902633359	4.65423587315113	4.73594413996227	4.65423587315113	4.43378902633359	4.1282339349912	3.78349283935818	3.42180173559687	
0.186594126045941	0.205436886566088	0.222620214959863	0.237104048388345	0.247128798032635	0.250761387321442	0.247128798032635	0.237104048388345	0.222620214959863	0.205436886566088	0.186594126045941	
0.205436886566088	0.228136294068944	0.250761387321442	0.271874612013051	0.287782215652953	0.293822629790375	0.287782215652953	0.271874612013051	0.250761387321442	0.228136294068944	0.205436886566088	
0.222620214959863	0.250761387321442	0.282137615192989	0.314822068719982	0.341512481192426	0.352069155730081	0.341512481192426	0.314822068719982	0.282137615192989	0.250761387321442	0.222620214959863	
0.237104048388345	0.271874612013051	0.314822068719982	0.363637702959866	0.405831395836514	0.422965562829823	0.405831395836514	0.363637702959866	0.314822068719982	0.271874612013051	0.237104048388345	
0.247128798032635	0.287782215652953	0.341512481192426	0.405831395836514	0.463125830933508	0.48668079779555	0.463125830933508	0.405831395836514	0.341512481192426	0.287782215652953	0.247128798032635	
0.250761387321442	0.293822629790375	0.352069155730081	0.422965562829823	0.48668079779555	0.51295905891273	0.48668079779555	0.422965562829823	0.352069155730081	0.293822629790375	0.250761387321442	
0.247128798032635	0.287782215652953	0.341512481192426	0.405831395836514	0.463125830933508	0.48668079779555	0.463125830933508	0.405831395836514	0.341512481192426	0.287782215652953	0.247128798032635	
0.237104048388345	0.271874612013051	0.314822068719982	0.363637702959866	0.405831395836514	0.422965562829823	0.405831395836514	0.363637702959866	0.314822068719982	0.271874612013051	0.237104048388345	
0.222620214959863	0.250761387321442	0.282137615192989	0.314822068719982	0.341512481192426	0.352069155730081	0.341512481192426	0.314822068719982	0.282137615192989	0.250761387321442	0.222620214959863	
0.205436886566088	0.228136294068944	0.250761387321442	0.271874612013051	0.287782215652953	0.293822629790375	0.287782215652953	0.271874612013051	0.250761387321442	0.228136294068944	0.205436886566088	
0.186594126045941	0.205436886566088	0.222620214959863	0.237104048388345	0.247128798032635	0.250761387321442	0.247128798032635	0.237104048388345	0.222620214959863	0.205436886566088	0.186594126045941	
0.794953899055868	0.874689123373393	0.946892520103338	1.00723481533058	1.04868661500725	1.06364286085357	1.04868661500725	1.00723481533058	0.946892520103337	0.874689123373393	0.794953899055868	
0.874689123373393	0.969934529412891	1.06364286085357	1.14992520545916	1.2142830508236	1.2385959822621	1.2142830508236	1.14992520545916	1.06364286085357	0.969934529412891	0.874689123373393	
0.946892520103337	1.06364286085357	1.19150376235056	1.32267516561145	1.42875945754222	1.47053606167586	1.42875945754222	1.32267516561145	1.19150376235056	1.06364286085357	0.946892520103337	
1.00723481533058	1.14992520545916	1.32267516561145	1.51622372051952	1.68224988800284	1.74948006805641	1.68224988800284	1.51622372051952	1.32267516561145	1.14992520545916	1.00723481533058	
1.04868661500725	1.2142830508236	1.42875945754222	1.68224988800284	1.90681689444438	1.99901164749716	1.90681689444438	1.68224988800284	1.42875945754222	1.2142830508236	1.04868661500725	
1.06364286085357	1.2385959822621	1.47053606167586	1.74948006805641	1.99901164749716	2.10184176262355	1.99901164749716	1.74948006805641	1.47053606167586	1.2385959822621	1.06364286085357	
1.04868661500725	1.2142830508236	1.42875945754222	1.68224988800284	1.90681689444438	1.99901164749716	1.90681689444438	1.68224988800284	1.42875945754222	1.2142830508236	1.04868661500725	
1.00723481533058	1.14992520545916	1.32267516561145	1.51622372051952	1.68224988800284	1.74948006805641	1.68224988800284	1.51622372051952	1.32267516561145	1.14992520545916	1.00723481533058	
0.946892520103337	1.06364286085357	1.19150376235056	1.32267516561145	1.42875945754222	1.47053606167586	1.42875945754222	1.32267516561145	1.19150376235056	1.06364286085357	0.946892520103337	
0.874689123373393	0.969934529412891	1.06364286085357	1.14992520545916	1.2142830508236	1.2385959822621	1.2142830508236	1.14992520545916	1.06364286085357	0.969934529412891	0.874689123373393	
0.794953899055868	0.874689123373393	0.946892520103338	1.00723481533058	1.04868661500725	1.06364286085357	1.04868661500725	1.00723481533058	0.946892520103337	0.874689123373393	0.794953899055868	
0.000666945352078021	0.00073291230808896	0.00079176736816808	0.00084005296819204	0.000872673034968722	0.000884328994210204	0.000872673034968722	0.00084005296819204	0.00079176736816808	0.00073291230808896	0.000666945352078021	
0.00073291230808896	0.000810312531242012	0.000884328994210204	0.000950425239806989	0.000998561875678325	0.00101652103968734	0.000998561875678325	0.000950425239806989	0.000884328994210204	0.000810312531242012	0.00073291230808896	
0.00079176736816808	0.000884328994210204	0.000981627455249864	0.00107782031134801	0.00115373707848745	0.00118329845945602	0.00115373707848745	0.00107782031134801	0.000981627455249864	0.000884328994210204	0.00079176736816808	
0.00084005296819204	0.000950425239806989	0.00107782031134801	0.00121545498874693	0.00133118189997025	0.00137769044715198	0.00133118189997025	0.00121545498874693	0.00107782031134801	0.000950425239806989	0.00084005296819204	
0.000872673034968722	0.000998561875678325	0.00115373707848745	0.00133118189997025	0.00148608216103893	0.00154943400399272	0.00148608216103893	0.00133118189997025	0.00115373707848745	0.000998561875678325	0.000872673034968722	
0.000884328994210204	0.00101652103968734	0.00118329845945602	0.00137769044715198	0.00154943400399272	0.00162004972911828	0.00154943400399272	0.00137769044715198	0.00118329845945602	0.00101652103968734	0.000884328994210204	
0.000872673034968722	0.000998561875678325	0.00115373707848745	0.00133118189997025	0.00148608216103893	0.00154943400399272	0.00148608216103893	0.00133118189997025	0.00115373707848745	0.000998561875678325	0.000872673034968722	
0.00084005296819204	0.000950425239806989	0.00107782031134801	0.00121545498874693	0.00133118189997025	0.00137769044715198	0.00133118189997025	0.00121545498874693	0.00107782031134801	0.000950425239806989	0.00084005296819204	
0.00079176736816808	0.000884328994210204	0.000981627455249864	0.00107782031134801	0.00115373707848745	0.00118329845945602	0.00115373707848745	0.00107782031134801	0.000981627455249864	0.000884328994210204	0.00079176736816808	
0.00073291230808896	0.000810312531242012	0.000884328994210204	0.000950425239806989	0.000998561875678325	0.00101652103968734	0.000998561875678325	0.000950425239806989	0.000884328994210204	0.000810312531242012	0.00073291230808896	
0.000666945352078021	0.00073291230808896	0.00079176736816808	0.00084005296819204	0.000872673034968722	0.000884328994210204	0.000872673034968722	0.00084005296819204	0.00079176736816808	0.00073291230808896	0.000666945352078021	
