#[TIME]:0.500000
#Seen are the grid output values for t=0.500000. If you want to see which gridpoints correspond to which coordinate entries, look for gridmapping text file (if you generated it)
#The following dimensions are plotted:
#Susceptibles
#Exposed
#Infected
#Recovered
#Deaths
#The values are plotted in the above order. Each dimension has 11 rows 
0.0364937132742363	0.0845270466910976	0.161326544795618	0.254506190097767	0.333437804940007	0.364587725686093	0.333437804940007	0.254506190097767	0.161326544795617	0.0845270466910976	0.0364937132742363	
0.0845270466910976	0.19373751098784	0.364587725686093	0.56565340527344	0.730357128092435	0.793866777414779	0.730357128092435	0.56565340527344	0.364587725686092	0.19373751098784	0.0845270466910976	
0.161326544795617	0.364587725686092	0.671280119793416	1.01239286720755	1.27343018816138	1.36913440729239	1.27343018816138	1.01239286720755	0.671280119793416	0.364587725686092	0.161326544795617	
0.254506190097767	0.56565340527344	1.01239286720755	1.46844858242516	1.77934795458059	1.88296805141655	1.77934795458059	1.46844858242516	1.01239286720755	0.56565340527344	0.254506190097767	
0.333437804940007	0.730357128092435	1.27343018816138	1.77934795458059	2.07873788200969	2.16570483276491	2.07873788200969	1.77934795458059	1.27343018816138	0.730357128092435	0.333437804940007	
0.364587725686093	0.793866777414779	1.36913440729239	1.88296805141655	2.16570483276491	2.24129194455737	2.16570483276491	1.88296805141655	1.36913440729239	0.793866777414779	0.364587725686093	
0.333437804940007	0.730357128092435	1.27343018816138	1.77934795458059	2.07873788200969	2.16570483276491	2.07873788200969	1.77934795458059	1.27343018816138	0.730357128092435	0.333437804940007	
0.254506190097767	0.56565340527344	1.01239286720755	1.46844858242516	1.77934795458059	1.88296805141655	1.77934795458059	1.46844858242516	1.01239286720755	0.56565340527344	0.254506190097767	
0.161326544795617	0.364587725686092	0.671280119793416	1.01239286720755	1.27343018816138	1.36913440729239	1.27343018816138	1.01239286720755	0.671280119793416	0.364587725686092	0.161326544795617	
0.0845270466910976	0.19373751098784	0.364587725686093	0.56565340527344	0.730357128092435	0.793866777414779	0.730357128092435	0.56565340527344	0.364587725686092	0.19373751098784	0.0845270466910976	
0.0364937132742363	0.0845270466910976	0.161326544795618	0.254506190097767	0.333437804940007	0.364587725686093	0.333437804940007	0.254506190097767	0.161326544795617	0.0845270466910976	0.0364937132742363	
4.03204354563203	4.44885011825626	4.83808218194027	5.17548187146249	5.41466204808729	5.50249721168483	5.41466204808729	5.17548187146249	4.83808218194027	4.44885011825626	4.03204354563203	
4.44885011825626	4.96547927541966	5.50249721168483	6.02477785460108	6.43024755082622	6.58653569863262	6.43024755082622	6.02477785460108	5.50249721168483	4.96547927541966	4.44885011825626	
4.83808218194027	5.50249721168483	6.28531148785633	7.13826829251323	7.85465741521112	8.14166994004995	7.85465741521112	7.13826829251323	6.28531148785633	5.50249721168483	4.83808218194027	
5.17548187146249	6.02477785460108	7.13826829251323	8.45814443602491	9.62595157108466	10.1047943371242	9.62595157108466	8.45814443602492	7.13826829251323	6.02477785460108	5.17548187146249	
5.41466204808729	6.43024755082622	7.85465741521113	9.62595157108466	11.2341635771178	11.8997880609441	11.2341635771178	9.62595157108466	7.85465741521112	6.43024755082622	5.41466204808729	
5.50249721168483	6.58653569863262	8.14166994004995	10.1047943371242	11.8997880609441	12.6441072296157	11.8997880609441	10.1047943371242	8.14166994004995	6.58653569863262	5.50249721168483	
5.41466204808729	6.43024755082622	7.85465741521113	9.62595157108466	11.2341635771178	11.8997880609441	11.2341635771178	9.62595157108466	7.85465741521112	6.43024755082622	5.41466204808729	
5.17548187146249	6.02477785460108	7.13826829251323	8.45814443602491	9.62595157108466	10.1047943371242	9.62595157108466	8.45814443602492	7.13826829251323	6.02477785460108	5.17548187146249	
4.83808218194027	5.50249721168483	6.28531148785633	7.13826829251323	7.85465741521112	8.14166994004995	7.85465741521112	7.13826829251323	6.28531148785633	5.50249721168483	4.83808218194027	
4.44885011825626	4.96547927541966	5.50249721168483	6.02477785460108	6.43024755082622	6.58653569863262	6.43024755082622	6.02477785460108	5.50249721168483	4.96547927541966	4.44885011825626	
4.03204354563203	4.44885011825626	4.83808218194027	5.17548187146249	5.41466204808729	5.50249721168483	5.41466204808729	5.17548187146249	4.83808218194027	4.44885011825626	4.03204354563203	
0.157149372100962	0.172784966563641	0.186825748545724	0.198440599611168	0.206347136014735	0.209185036992663	0.206347136014735	0.198440599611168	0.186825748545724	0.172784966563641	0.157149372100962	
0.172784966563641	0.191275064055678	0.209185036992663	0.225408158522271	0.237359755253561	0.241846361414602	0.237359755253561	0.225408158522271	0.209185036992663	0.191275064055678	0.172784966563641	
0.186825748545724	0.209185036992663	0.233142613960657	0.25726277399575	0.276546534568066	0.284104219988704	0.276546534568066	0.25726277399575	0.233142613960657	0.209185036992663	0.186825748545724	
0.198440599611168	0.225408158522271	0.25726277399575	0.292352570315605	0.322237761704186	0.334323203106924	0.322237761704186	0.292352570315605	0.25726277399575	0.225408158522271	0.198440599611168	
0.206347136014735	0.237359755253561	0.276546534568066	0.322237761704186	0.362625068727054	0.379242300895094	0.362625068727054	0.322237761704186	0.276546534568066	0.237359755253561	0.206347136014735	
0.209185036992663	0.241846361414602	0.284104219988704	0.334323203106924	0.379242300895094	0.397820808101808	0.379242300895094	0.334323203106924	0.284104219988704	0.241846361414602	0.209185036992663	
0.206347136014735	0.237359755253561	0.276546534568066	0.322237761704186	0.362625068727054	0.379242300895094	0.362625068727054	0.322237761704186	0.276546534568066	0.237359755253561	0.206347136014735	
0.198440599611168	0.225408158522271	0.25726277399575	0.292352570315605	0.322237761704186	0.334323203106924	0.322237761704186	0.292352570315605	0.25726277399575	0.225408158522271	0.198440599611168	
0.186825748545724	0.209185036992663	0.233142613960657	0.25726277399575	0.276546534568066	0.284104219988704	0.276546534568066	0.25726277399575	0.233142613960657	0.209185036992663	0.186825748545724	
0.172784966563641	0.191275064055678	0.209185036992663	0.225408158522271	0.237359755253561	0.241846361414602	0.237359755253561	0.225408158522271	0.209185036992663	0.191275064055678	0.172784966563641	
0.157149372100962	0.172784966563641	0.186825748545724	0.198440599611168	0.206347136014735	0.209185036992663	0.206347136014735	0.198440599611168	0.186825748545724	0.172784966563641	0.157149372100962	
0.598831492995387	0.658167624867996	0.711214453182955	0.754849654989464	0.784400736477526	0.794975559063747	0.784400736477526	0.754849654989464	0.711214453182955	0.658167624867996	0.598831492995387	
0.658167624867996	0.727959494879387	0.794975559063747	0.855101623652876	0.899060190190361	0.915495445656245	0.899060190190361	0.855101623652877	0.794975559063747	0.727959494879387	0.658167624867996	
0.711214453182955	0.794975559063747	0.883579795815817	0.97172523804451	1.04161808079696	1.06890171399427	1.04161808079696	0.97172523804451	0.883579795815817	0.794975559063747	0.711214453182955	
0.754849654989464	0.855101623652877	0.97172523804451	1.0986201932315	1.20588518765405	1.24911968236119	1.20588518765405	1.0986201932315	0.97172523804451	0.855101623652877	0.754849654989464	
0.784400736477526	0.899060190190361	1.04161808079696	1.20588518765405	1.35013783087508	1.40933660406771	1.35013783087508	1.20588518765405	1.04161808079696	0.899060190190361	0.784400736477526	
0.794975559063747	0.915495445656245	1.06890171399427	1.24911968236119	1.40933660406771	1.47545092847536	1.40933660406771	1.24911968236119	1.06890171399427	0.915495445656245	0.794975559063747	
0.784400736477526	0.899060190190361	1.04161808079696	1.20588518765405	1.35013783087508	1.40933660406771	1.35013783087508	1.20588518765405	1.04161808079696	0.899060190190361	0.784400736477526	
0.754849654989464	0.855101623652877	0.97172523804451	1.0986201932315	1.20588518765405	1.24911968236119	1.20588518765405	1.0986201932315	0.97172523804451	0.855101623652877	0.754849654989464	
0.711214453182955	0.794975559063747	0.883579795815817	0.97172523804451	1.04161808079696	1.06890171399427	1.04161808079696	0.97172523804451	0.883579795815817	0.794975559063747	0.711214453182955	
0.658167624867996	0.727959494879387	0.794975559063747	0.855101623652876	0.899060190190361	0.915495445656245	0.899060190190361	0.855101623652877	0.794975559063747	0.727959494879387	0.658167624867996	
0.598831492995387	0.658167624867996	0.711214453182955	0.754849654989464	0.784400736477526	0.794975559063747	0.784400736477526	0.754849654989464	0.711214453182955	0.658167624867996	0.598831492995387	
0.000381128369766443	0.00041842366847891	0.000451309164788635	0.000477883450055042	0.00049558351220371	0.000501854917502024	0.00049558351220371	0.000477883450055042	0.000451309164788635	0.00041842366847891	0.000381128369766443	
0.00041842366847891	0.000461564762263443	0.000501854917502024	0.000536873403043933	0.000561812138036935	0.000571003668657271	0.000561812138036935	0.000536873403043933	0.000501854917502024	0.000461564762263443	0.00041842366847891	
0.000451309164788635	0.000501854917502024	0.000553090286106956	0.000601964969789846	0.000639562139851822	0.000654019374805397	0.000639562139851822	0.000601964969789846	0.000553090286106956	0.000501854917502024	0.000451309164788635	
0.000477883450055042	0.000536873403043933	0.000601964969789846	0.000669648361771675	0.000725226951507544	0.000747337339500301	0.000725226951507544	0.000669648361771675	0.000601964969789846	0.000536873403043933	0.000477883450055042	
0.00049558351220371	0.000561812138036935	0.000639562139851823	0.000725226951507544	0.000798530629361183	0.000828298953576975	0.000798530629361183	0.000725226951507544	0.000639562139851822	0.000561812138036935	0.00049558351220371	
0.000501854917502024	0.000571003668657271	0.000654019374805397	0.000747337339500301	0.000828298953576975	0.000861398116194734	0.000828298953576975	0.000747337339500301	0.000654019374805397	0.000571003668657271	0.000501854917502024	
0.00049558351220371	0.000561812138036935	0.000639562139851823	0.000725226951507544	0.000798530629361183	0.000828298953576975	0.000798530629361183	0.000725226951507544	0.000639562139851822	0.000561812138036935	0.00049558351220371	
0.000477883450055042	0.000536873403043933	0.000601964969789846	0.000669648361771675	0.000725226951507544	0.000747337339500301	0.000725226951507544	0.000669648361771675	0.000601964969789846	0.000536873403043933	0.000477883450055042	
0.000451309164788635	0.000501854917502024	0.000553090286106956	0.000601964969789846	0.000639562139851822	0.000654019374805397	0.000639562139851822	0.000601964969789846	0.000553090286106956	0.000501854917502024	0.000451309164788635	
0.00041842366847891	0.000461564762263443	0.000501854917502024	0.000536873403043933	0.000561812138036935	0.000571003668657271	0.000561812138036935	0.000536873403043933	0.000501854917502024	0.000461564762263443	0.00041842366847891	
0.000381128369766443	0.00041842366847891	0.000451309164788635	0.000477883450055042	0.00049558351220371	0.000501854917502024	0.00049558351220371	0.000477883450055042	0.000451309164788635	0.00041842366847891	0.000381128369766443	
