#[TIME]:0.400000
#Seen are the grid output values for t=0.400000. If you want to see which gridpoints correspond to which coordinate entries, look for gridmapping text file (if you generated it)
#The following dimensions are plotted:
#Susceptibles
#Exposed
#Infected
#Recovered
#Deaths
#The values are plotted in the above order. Each dimension has 11 rows 
0.0404789102637268	0.0947520113046872	0.182619449307859	0.29053224129488	0.382900267136333	0.419580447902874	0.382900267136333	0.29053224129488	0.182619449307859	0.0947520113046872	0.0404789102637268	
0.0947520113046872	0.220007782430588	0.419580447902874	0.659378617433335	0.859829191237015	0.938150806439194	0.859829191237015	0.659378617433335	0.419580447902874	0.220007782430588	0.0947520113046872	
0.182619449307859	0.419580447902874	0.787497606475848	1.21246269607071	1.55157380566824	1.67968387968411	1.55157380566824	1.21246269607071	0.787497606475848	0.419580447902874	0.182619449307859	
0.29053224129488	0.659378617433335	1.21246269607071	1.8151978271784	2.26146978321805	2.42046607495394	2.26146978321805	1.8151978271784	1.21246269607071	0.659378617433335	0.29053224129488	
0.382900267136333	0.859829191237015	1.55157380566824	2.26146978321805	2.74430468887841	2.90421521296863	2.74430468887841	2.26146978321805	1.55157380566824	0.859829191237015	0.382900267136333	
0.419580447902874	0.938150806439194	1.67968387968411	2.42046607495394	2.90421521296863	3.05848382534282	2.90421521296863	2.42046607495394	1.67968387968411	0.938150806439194	0.419580447902874	
0.382900267136333	0.859829191237015	1.55157380566824	2.26146978321805	2.74430468887841	2.90421521296863	2.74430468887841	2.26146978321805	1.55157380566824	0.859829191237015	0.382900267136333	
0.29053224129488	0.659378617433335	1.21246269607071	1.8151978271784	2.26146978321805	2.42046607495394	2.26146978321805	1.8151978271784	1.21246269607071	0.659378617433335	0.29053224129488	
0.182619449307859	0.419580447902874	0.787497606475848	1.21246269607071	1.55157380566824	1.67968387968411	1.55157380566824	1.21246269607071	0.787497606475848	0.419580447902874	0.182619449307859	
0.0947520113046872	0.220007782430588	0.419580447902874	0.659378617433335	0.859829191237015	0.938150806439194	0.859829191237015	0.659378617433335	0.419580447902874	0.220007782430588	0.0947520113046872	
0.0404789102637268	0.0947520113046872	0.182619449307859	0.29053224129488	0.382900267136333	0.419580447902874	0.382900267136333	0.29053224129488	0.182619449307859	0.0947520113046872	0.0404789102637268	
4.37628707583277	4.82265506104294	5.23407668450436	5.58540107565811	5.83136118995968	5.92107059840461	5.83136118995968	5.58540107565811	5.23407668450436	4.82265506104294	4.37628707583277	
4.82265506104294	5.36733661270696	5.92107059840461	6.44845566447518	6.85202737924344	7.00651774260397	6.85202737924344	6.44845566447518	5.92107059840461	5.36733661270696	4.82265506104294	
5.23407668450436	5.92107059840461	6.70826177869525	7.54829929006067	8.24596252788467	8.52431673053411	8.24596252788467	7.54829929006067	6.70826177869525	5.92107059840461	5.23407668450436	
5.58540107565811	6.44845566447518	7.54829929006067	8.83076691883441	9.95978763925787	10.4228899909662	9.95978763925787	8.83076691883442	7.54829929006067	6.44845566447518	5.58540107565811	
5.83136118995968	6.85202737924344	8.24596252788467	9.95978763925786	11.5178240345604	12.1658189782448	11.5178240345604	9.95978763925787	8.24596252788467	6.85202737924344	5.83136118995968	
5.92107059840461	7.00651774260397	8.52431673053411	10.4228899909662	12.1658189782448	12.8934443496256	12.1658189782448	10.4228899909662	8.52431673053411	7.00651774260397	5.92107059840461	
5.83136118995968	6.85202737924344	8.24596252788467	9.95978763925786	11.5178240345604	12.1658189782448	11.5178240345604	9.95978763925787	8.24596252788467	6.85202737924344	5.83136118995968	
5.58540107565811	6.44845566447518	7.54829929006067	8.83076691883441	9.95978763925787	10.4228899909662	9.95978763925787	8.83076691883442	7.54829929006067	6.44845566447518	5.58540107565811	
5.23407668450436	5.92107059840461	6.70826177869525	7.54829929006067	8.24596252788467	8.52431673053411	8.24596252788467	7.54829929006067	6.70826177869525	5.92107059840461	5.23407668450436	
4.82265506104294	5.36733661270696	5.92107059840461	6.44845566447518	6.85202737924344	7.00651774260397	6.85202737924344	6.44845566447518	5.92107059840461	5.36733661270696	4.82265506104294	
4.37628707583277	4.82265506104294	5.23407668450436	5.58540107565811	5.83136118995968	5.92107059840461	5.83136118995968	5.58540107565811	5.23407668450436	4.82265506104294	4.37628707583277	
0.143845861400616	0.15803757727625	0.170666333766724	0.180993703814314	0.187950055354808	0.190431467116571	0.187950055354808	0.180993703814314	0.170666333766724	0.15803757727625	0.143845861400616	
0.15803757727625	0.174636805015837	0.190431467116571	0.204459595332156	0.214632295190927	0.218419101763539	0.214632295190927	0.204459595332156	0.190431467116571	0.174636805015837	0.15803757727625	
0.170666333766724	0.190431467116571	0.211057468596822	0.231314676018464	0.247235511251726	0.253424446521312	0.247235511251726	0.231314676018464	0.211057468596822	0.190431467116571	0.170666333766724	
0.180993703814314	0.204459595332156	0.231314676018464	0.260152166959233	0.2843463149015	0.294070518351774	0.2843463149015	0.260152166959233	0.231314676018464	0.204459595332156	0.180993703814314	
0.187950055354808	0.214632295190927	0.247235511251727	0.2843463149015	0.316758723123701	0.330045247995681	0.316758723123701	0.2843463149015	0.247235511251726	0.214632295190927	0.187950055354808	
0.190431467116571	0.218419101763539	0.253424446521312	0.294070518351774	0.330045247995681	0.344885275524324	0.330045247995681	0.294070518351774	0.253424446521312	0.218419101763539	0.190431467116571	
0.187950055354808	0.214632295190927	0.247235511251727	0.2843463149015	0.316758723123701	0.330045247995681	0.316758723123701	0.2843463149015	0.247235511251726	0.214632295190927	0.187950055354808	
0.180993703814314	0.204459595332156	0.231314676018464	0.260152166959233	0.2843463149015	0.294070518351774	0.2843463149015	0.260152166959233	0.231314676018464	0.204459595332156	0.180993703814314	
0.170666333766724	0.190431467116571	0.211057468596822	0.231314676018464	0.247235511251726	0.253424446521312	0.247235511251726	0.231314676018464	0.211057468596822	0.190431467116571	0.170666333766724	
0.15803757727625	0.174636805015837	0.190431467116571	0.204459595332156	0.214632295190927	0.218419101763539	0.214632295190927	0.204459595332156	0.190431467116571	0.174636805015837	0.15803757727625	
0.143845861400616	0.15803757727625	0.170666333766724	0.180993703814314	0.187950055354808	0.190431467116571	0.187950055354808	0.180993703814314	0.170666333766724	0.15803757727625	0.143845861400616	
0.490771546493495	0.539047055178318	0.581864562565161	0.616730637601565	0.640122574590438	0.648446968196396	0.640122574590438	0.616730637601565	0.58186456256516	0.539047055178318	0.490771546493495	
0.539047055178318	0.5952873271101	0.648446968196396	0.695304036279823	0.729070815111086	0.741597712038812	0.729070815111086	0.695304036279823	0.648446968196396	0.5952873271101	0.539047055178318	
0.58186456256516	0.648446968196396	0.717224260317061	0.784098672067513	0.836278463689417	0.856489159081017	0.836278463689417	0.784098672067513	0.717224260317061	0.648446968196396	0.58186456256516	
0.616730637601565	0.695304036279823	0.784098672067513	0.878419190657897	0.956996076185484	0.988474231388416	0.956996076185484	0.878419190657897	0.784098672067513	0.695304036279823	0.616730637601565	
0.640122574590438	0.729070815111086	0.836278463689417	0.956996076185484	1.06174190177124	1.10455580118718	1.06174190177124	0.956996076185484	0.836278463689417	0.729070815111086	0.640122574590438	
0.648446968196396	0.741597712038812	0.856489159081017	0.988474231388416	1.10455580118718	1.15231166817269	1.10455580118718	0.988474231388416	0.856489159081017	0.741597712038812	0.648446968196396	
0.640122574590438	0.729070815111086	0.836278463689417	0.956996076185484	1.06174190177124	1.10455580118718	1.06174190177124	0.956996076185484	0.836278463689417	0.729070815111086	0.640122574590438	
0.616730637601565	0.695304036279823	0.784098672067513	0.878419190657897	0.956996076185484	0.988474231388416	0.956996076185484	0.878419190657897	0.784098672067513	0.695304036279823	0.616730637601565	
0.58186456256516	0.648446968196396	0.717224260317061	0.784098672067513	0.836278463689417	0.856489159081017	0.836278463689417	0.784098672067513	0.717224260317061	0.648446968196396	0.58186456256516	
0.539047055178318	0.5952873271101	0.648446968196396	0.695304036279823	0.729070815111086	0.741597712038812	0.729070815111086	0.695304036279823	0.648446968196396	0.5952873271101	0.539047055178318	
0.490771546493495	0.539047055178318	0.581864562565161	0.616730637601565	0.640122574590438	0.648446968196396	0.640122574590438	0.616730637601565	0.58186456256516	0.539047055178318	0.490771546493495	
0.000273022083542293	0.000299575267706345	0.000322827232457903	0.000341445560913539	0.000353737795462359	0.000358069825888165	0.000353737795462359	0.000341445560913539	0.000322827232457903	0.000299575267706345	0.000273022083542293	
0.000299575267706345	0.000330033565781059	0.000358069825888165	0.000382018445869213	0.000398819021955837	0.000404958806883228	0.000398819021955837	0.000382018445869213	0.000358069825888165	0.000330033565781059	0.000299575267706345	
0.000322827232457903	0.000358069825888165	0.000392967214386237	0.000425445677338051	0.000449960711667786	0.000459295160691949	0.000449960711667786	0.000425445677338051	0.000392967214386237	0.000358069825888165	0.000322827232457903	
0.000341445560913539	0.000382018445869213	0.000425445677338051	0.000469335222402496	0.000504674186312279	0.000518601064802629	0.000504674186312279	0.000469335222402496	0.000425445677338051	0.000382018445869213	0.000341445560913539	
0.000353737795462359	0.000398819021955837	0.000449960711667786	0.000504674186312278	0.000550625056224805	0.000569131673134128	0.000550625056224805	0.000504674186312279	0.000449960711667786	0.000398819021955837	0.000353737795462359	
0.000358069825888165	0.000404958806883228	0.000459295160691949	0.000518601064802629	0.000569131673134128	0.000589631564671731	0.000569131673134128	0.000518601064802629	0.000459295160691949	0.000404958806883228	0.000358069825888165	
0.000353737795462359	0.000398819021955837	0.000449960711667786	0.000504674186312278	0.000550625056224805	0.000569131673134128	0.000550625056224805	0.000504674186312279	0.000449960711667786	0.000398819021955837	0.000353737795462359	
0.000341445560913539	0.000382018445869213	0.000425445677338051	0.000469335222402496	0.000504674186312279	0.000518601064802629	0.000504674186312279	0.000469335222402496	0.000425445677338051	0.000382018445869213	0.000341445560913539	
0.000322827232457903	0.000358069825888165	0.000392967214386237	0.000425445677338051	0.000449960711667786	0.000459295160691949	0.000449960711667786	0.000425445677338051	0.000392967214386237	0.000358069825888165	0.000322827232457903	
0.000299575267706345	0.000330033565781059	0.000358069825888165	0.000382018445869213	0.000398819021955837	0.000404958806883228	0.000398819021955837	0.000382018445869213	0.000358069825888165	0.000330033565781059	0.000299575267706345	
0.000273022083542293	0.000299575267706345	0.000322827232457903	0.000341445560913539	0.000353737795462359	0.000358069825888165	0.000353737795462359	0.000341445560913539	0.000322827232457903	0.000299575267706345	0.000273022083542293	
