#[TIME]:0.600000
#Seen are the grid output values for t=0.600000. If you want to see which gridpoints correspond to which coordinate entries, look for gridmapping text file (if you generated it)
#The following dimensions are plotted:
#Susceptibles
#Exposed
#Infected
#Recovered
#Deaths
#The values are plotted in the above order. Each dimension has 11 rows 
0.0181305888971278	0.0406286757286529	0.0753272383921417	0.116105335101186	0.149798826995307	0.16291117990874	0.149798826995307	0.116105335101186	0.0753272383921416	0.0406286757286529	0.0181305888971278	
0.0406286757286529	0.0896507829233763	0.16291117990874	0.24535286068502	0.31032610058692	0.334801379275239	0.31032610058692	0.24535286068502	0.16291117990874	0.0896507829233763	0.0406286757286529	
0.0753272383921416	0.16291117990874	0.287272694489988	0.416600131936204	0.50929025626656	0.541817444236875	0.50929025626656	0.416600131936204	0.287272694489988	0.16291117990874	0.0753272383921416	
0.116105335101186	0.24535286068502	0.416600131936204	0.574677000372672	0.670747931032855	0.699965125391589	0.670747931032855	0.574677000372672	0.416600131936204	0.24535286068502	0.116105335101186	
0.149798826995307	0.31032610058692	0.50929025626656	0.670747931032855	0.749614318238458	0.768211987089227	0.749614318238458	0.670747931032855	0.50929025626656	0.31032610058692	0.149798826995307	
0.16291117990874	0.334801379275239	0.541817444236876	0.699965125391589	0.768211987089227	0.781339496009325	0.768211987089227	0.699965125391589	0.541817444236875	0.334801379275239	0.16291117990874	
0.149798826995307	0.31032610058692	0.50929025626656	0.670747931032855	0.749614318238458	0.768211987089227	0.749614318238458	0.670747931032855	0.50929025626656	0.31032610058692	0.149798826995307	
0.116105335101186	0.24535286068502	0.416600131936204	0.574677000372672	0.670747931032855	0.699965125391589	0.670747931032855	0.574677000372672	0.416600131936204	0.24535286068502	0.116105335101186	
0.0753272383921416	0.16291117990874	0.287272694489988	0.416600131936204	0.50929025626656	0.541817444236875	0.50929025626656	0.416600131936204	0.287272694489988	0.16291117990874	0.0753272383921416	
0.0406286757286529	0.0896507829233763	0.16291117990874	0.24535286068502	0.31032610058692	0.334801379275239	0.31032610058692	0.24535286068502	0.16291117990874	0.0896507829233763	0.0406286757286529	
0.0181305888971278	0.0406286757286529	0.0753272383921417	0.116105335101186	0.149798826995307	0.16291117990874	0.149798826995307	0.116105335101186	0.0753272383921416	0.0406286757286529	0.0181305888971278	
5.02105594365933	5.53265700021863	6.00253456375146	6.40129024134728	6.6785024220639	6.77913809488124	6.6785024220639	6.40129024134728	6.00253456375146	5.53265700021863	5.02105594365933	
5.53265700021863	6.15412030844629	6.77913809488124	7.36495743497109	7.80598586143604	7.97308004041475	7.80598586143604	7.36495743497109	6.77913809488124	6.15412030844629	5.53265700021863	
6.00253456375146	6.77913809488124	7.64962476158658	8.55144098062758	9.27909709687098	9.5642354114065	9.27909709687098	8.55144098062758	7.64962476158658	6.77913809488124	6.00253456375146	
6.40129024134728	7.36495743497109	8.55144098062758	9.87486463357604	10.9911739714039	11.4370969843973	10.9911739714039	9.87486463357604	8.55144098062758	7.36495743497109	6.40129024134728	
6.6785024220639	7.80598586143604	9.27909709687098	10.9911739714039	12.4663036849443	13.0600830319557	12.4663036849443	10.9911739714039	9.27909709687098	7.80598586143604	6.6785024220639	
6.77913809488124	7.97308004041475	9.5642354114065	11.4370969843973	13.0600830319557	13.7144649432162	13.0600830319557	11.4370969843973	9.5642354114065	7.97308004041475	6.77913809488124	
6.6785024220639	7.80598586143604	9.27909709687098	10.9911739714039	12.4663036849443	13.0600830319557	12.4663036849443	10.9911739714039	9.27909709687098	7.80598586143604	6.6785024220639	
6.40129024134728	7.36495743497109	8.55144098062758	9.87486463357604	10.9911739714039	11.4370969843973	10.9911739714039	9.87486463357604	8.55144098062758	7.36495743497109	6.40129024134728	
6.00253456375146	6.77913809488124	7.64962476158658	8.55144098062758	9.27909709687098	9.5642354114065	9.27909709687098	8.55144098062758	7.64962476158658	6.77913809488124	6.00253456375146	
5.53265700021863	6.15412030844629	6.77913809488124	7.36495743497109	7.80598586143604	7.97308004041475	7.80598586143604	7.36495743497109	6.77913809488124	6.15412030844629	5.53265700021863	
5.02105594365933	5.53265700021863	6.00253456375146	6.40129024134728	6.6785024220639	6.77913809488124	6.6785024220639	6.40129024134728	6.00253456375146	5.53265700021863	5.02105594365933	
0.0802328827323079	0.0881817060114489	0.0952796933047597	0.101104660603065	0.105038038722391	0.106442707238986	0.105038038722391	0.101104660603065	0.0952796933047597	0.0881817060114489	0.0802328827323079	
0.0881817060114489	0.09751697089857	0.106442707238986	0.114393104088887	0.120159037653262	0.122303302177059	0.120159037653262	0.114393104088887	0.106442707238986	0.09751697089857	0.0881817060114489	
0.0952796933047597	0.106442707238986	0.11813349122865	0.129588532059062	0.138529169006882	0.141984122399865	0.138529169006882	0.129588532059062	0.11813349122865	0.106442707238986	0.0952796933047597	
0.101104660603065	0.114393104088887	0.129588532059062	0.145725024163689	0.15903758017128	0.164322347713551	0.15903758017128	0.145725024163689	0.129588532059062	0.114393104088887	0.101104660603065	
0.105038038722391	0.120159037653262	0.138529169006882	0.15903758017128	0.176500199020219	0.183532411771346	0.176500199020219	0.15903758017128	0.138529169006882	0.120159037653262	0.105038038722391	
0.106442707238986	0.122303302177059	0.141984122399865	0.164322347713551	0.183532411771346	0.191301339667803	0.183532411771346	0.164322347713551	0.141984122399865	0.122303302177059	0.106442707238986	
0.105038038722391	0.120159037653262	0.138529169006882	0.15903758017128	0.176500199020219	0.183532411771346	0.176500199020219	0.15903758017128	0.138529169006882	0.120159037653262	0.105038038722391	
0.101104660603065	0.114393104088887	0.129588532059062	0.145725024163689	0.15903758017128	0.164322347713551	0.15903758017128	0.145725024163689	0.129588532059062	0.114393104088887	0.101104660603065	
0.0952796933047597	0.106442707238986	0.11813349122865	0.129588532059062	0.138529169006882	0.141984122399865	0.138529169006882	0.129588532059062	0.11813349122865	0.106442707238986	0.0952796933047597	
0.0881817060114489	0.09751697089857	0.106442707238986	0.114393104088887	0.120159037653262	0.122303302177059	0.120159037653262	0.114393104088887	0.106442707238986	0.09751697089857	0.0881817060114489	
0.0802328827323079	0.0881817060114489	0.0952796933047597	0.101104660603065	0.105038038722391	0.106442707238986	0.105038038722391	0.101104660603065	0.0952796933047597	0.0881817060114489	0.0802328827323079	
0.316616202329797	0.347839098725777	0.375582876456965	0.398210389760626	0.413403812893076	0.418811676438499	0.413403812893076	0.398210389760626	0.375582876456965	0.347839098725777	0.316616202329797	
0.347839098725777	0.38429063193302	0.418811676438499	0.449239929923651	0.471124515093601	0.479227235029806	0.471124515093601	0.449239929923651	0.418811676438499	0.38429063193302	0.347839098725777	
0.375582876456965	0.418811676438499	0.463453055766747	0.506628740236055	0.540031056093566	0.552885070338786	0.540031056093566	0.506628740236055	0.463453055766747	0.418811676438499	0.375582876456965	
0.398210389760626	0.449239929923651	0.506628740236055	0.566774910421736	0.616016975455173	0.635502984219634	0.616016975455173	0.566774910421736	0.506628740236055	0.449239929923651	0.398210389760626	
0.413403812893076	0.471124515093601	0.540031056093566	0.616016975455173	0.680314534410081	0.706150119498126	0.680314534410081	0.616016975455173	0.540031056093566	0.471124515093601	0.413403812893076	
0.418811676438499	0.479227235029806	0.552885070338786	0.635502984219634	0.706150119498126	0.734669294569274	0.706150119498126	0.635502984219634	0.552885070338786	0.479227235029806	0.418811676438499	
0.413403812893076	0.471124515093601	0.540031056093566	0.616016975455173	0.680314534410081	0.706150119498126	0.680314534410081	0.616016975455173	0.540031056093566	0.471124515093601	0.413403812893076	
0.398210389760626	0.449239929923651	0.506628740236055	0.566774910421736	0.616016975455173	0.635502984219634	0.616016975455173	0.566774910421736	0.506628740236055	0.449239929923651	0.398210389760626	
0.375582876456965	0.418811676438499	0.463453055766747	0.506628740236055	0.540031056093566	0.552885070338786	0.540031056093566	0.506628740236055	0.463453055766747	0.418811676438499	0.375582876456965	
0.347839098725777	0.38429063193302	0.418811676438499	0.449239929923651	0.471124515093601	0.479227235029806	0.471124515093601	0.449239929923651	0.418811676438499	0.38429063193302	0.347839098725777	
0.316616202329797	0.347839098725777	0.375582876456965	0.398210389760626	0.413403812893076	0.418811676438499	0.413403812893076	0.398210389760626	0.375582876456965	0.347839098725777	0.316616202329797	
0.000266621556380549	0.000292649957223934	0.000315526864042666	0.000333926337162166	0.000346121280944831	0.000350428450319077	0.000346121280944831	0.000333926337162166	0.000315526864042666	0.000292649957223934	0.000266621556380549	
0.000292649957223934	0.000322638838258426	0.000350428450319077	0.00037432656606087	0.000391170007844961	0.000397338288977493	0.000391170007844961	0.00037432656606087	0.000350428450319077	0.000322638838258426	0.000292649957223934	
0.000315526864042666	0.000350428450319077	0.000385296971887943	0.000417954420452665	0.000442653605747679	0.000452054904994376	0.000442653605747679	0.000417954420452665	0.000385296971887943	0.000350428450319077	0.000315526864042666	
0.000333926337162166	0.00037432656606087	0.000417954420452665	0.000462159547707686	0.000497619780304471	0.000511531540818714	0.000497619780304471	0.000462159547707686	0.000417954420452665	0.00037432656606087	0.000333926337162166	
0.000346121280944831	0.000391170007844961	0.000442653605747679	0.000497619780304471	0.000543347099048824	0.000561609268953231	0.000543347099048824	0.000497619780304471	0.000442653605747679	0.000391170007844961	0.000346121280944831	
0.000350428450319077	0.000397338288977493	0.000452054904994376	0.000511531540818714	0.000561609268953231	0.000581723249470885	0.000561609268953231	0.000511531540818714	0.000452054904994376	0.000397338288977493	0.000350428450319077	
0.000346121280944831	0.000391170007844961	0.000442653605747679	0.000497619780304471	0.000543347099048824	0.000561609268953231	0.000543347099048824	0.000497619780304471	0.000442653605747679	0.000391170007844961	0.000346121280944831	
0.000333926337162166	0.00037432656606087	0.000417954420452665	0.000462159547707686	0.000497619780304471	0.000511531540818714	0.000497619780304471	0.000462159547707686	0.000417954420452665	0.00037432656606087	0.000333926337162166	
0.000315526864042666	0.000350428450319077	0.000385296971887943	0.000417954420452665	0.000442653605747679	0.000452054904994376	0.000442653605747679	0.000417954420452665	0.000385296971887943	0.000350428450319077	0.000315526864042666	
0.000292649957223934	0.000322638838258426	0.000350428450319077	0.00037432656606087	0.000391170007844961	0.000397338288977493	0.000391170007844961	0.00037432656606087	0.000350428450319077	0.000322638838258426	0.000292649957223934	
0.000266621556380549	0.000292649957223934	0.000315526864042666	0.000333926337162166	0.000346121280944831	0.000350428450319077	0.000346121280944831	0.000333926337162166	0.000315526864042666	0.000292649957223934	0.000266621556380549	
