#[TIME]:0.200000
#Seen are the grid output values for t=0.200000. If you want to see which gridpoints correspond to which coordinate entries, look for gridmapping text file (if you generated it)
#The following dimensions are plotted:
#Susceptibles
#Exposed
#Infected
#Recovered
#Deaths
#The values are plotted in the above order. Each dimension has 11 rows 
0.0352365216316779	0.084310363930373	0.165802061112218	0.268339603786424	0.357912839012004	0.393913990882094	0.357912839012004	0.268339603786424	0.165802061112218	0.084310363930373	0.0352365216316779	
0.084310363930373	0.201052032994989	0.393913990882094	0.63508847602106	0.844481602102455	0.928305872881372	0.844481602102455	0.63508847602106	0.393913990882094	0.201052032994989	0.084310363930373	
0.165802061112218	0.393913990882094	0.768084891415852	1.2314878013516	1.62967314145435	1.78795548688846	1.62967314145435	1.2314878013516	0.768084891415852	0.393913990882094	0.165802061112218	
0.268339603786424	0.63508847602106	1.2314878013516	1.96080269913793	2.5785131627168	2.82157968539509	2.5785131627168	1.96080269913793	1.2314878013516	0.63508847602106	0.268339603786424	
0.357912839012004	0.844481602102455	1.62967314145435	2.5785131627168	3.37093073070091	3.67957631771199	3.37093073070091	2.5785131627168	1.62967314145435	0.844481602102455	0.357912839012004	
0.393913990882094	0.928305872881372	1.78795548688846	2.82157968539509	3.67957631771199	4.01226768826809	3.67957631771199	2.82157968539509	1.78795548688846	0.928305872881372	0.393913990882094	
0.357912839012004	0.844481602102455	1.62967314145435	2.5785131627168	3.37093073070091	3.67957631771199	3.37093073070091	2.5785131627168	1.62967314145435	0.844481602102455	0.357912839012004	
0.268339603786424	0.63508847602106	1.2314878013516	1.96080269913793	2.5785131627168	2.82157968539509	2.5785131627168	1.96080269913793	1.2314878013516	0.63508847602106	0.268339603786424	
0.165802061112218	0.393913990882094	0.768084891415852	1.2314878013516	1.62967314145435	1.78795548688846	1.62967314145435	1.2314878013516	0.768084891415852	0.393913990882094	0.165802061112218	
0.084310363930373	0.201052032994989	0.393913990882094	0.63508847602106	0.844481602102455	0.928305872881372	0.844481602102455	0.63508847602106	0.393913990882094	0.201052032994989	0.084310363930373	
0.0352365216316779	0.084310363930373	0.165802061112218	0.268339603786424	0.357912839012004	0.393913990882094	0.357912839012004	0.268339603786424	0.165802061112218	0.084310363930373	0.0352365216316779	
5.74964665827358	6.30918113816394	6.7994062433948	7.1921289299154	7.4514787437507	7.54288336106861	7.4514787437507	7.1921289299154	6.7994062433948	6.30918113816394	5.74964665827358	
6.30918113816394	6.95139347371286	7.54288336106861	8.04809358581264	8.4022032115405	8.53149905758524	8.4022032115405	8.04809358581264	7.54288336106861	6.95139347371286	6.30918113816394	
6.7994062433948	7.54288336106861	8.27890898226438	8.96230002680515	9.47614801421163	9.67122957923921	9.47614801421163	8.96230002680515	8.27890898226438	7.54288336106861	6.7994062433948	
7.1921289299154	8.04809358581264	8.96230002680515	9.88066825085259	10.6144131715677	10.9020548199888	10.6144131715677	9.88066825085259	8.96230002680515	8.04809358581264	7.1921289299154	
7.4514787437507	8.4022032115405	9.47614801421163	10.6144131715677	11.5602045026433	11.9385362831087	11.5602045026433	10.6144131715677	9.47614801421163	8.4022032115405	7.4514787437507	
7.54288336106861	8.53149905758524	9.67122957923921	10.9020548199888	11.9385362831087	12.3559873155122	11.9385362831087	10.9020548199888	9.67122957923921	8.53149905758524	7.54288336106861	
7.4514787437507	8.4022032115405	9.47614801421163	10.6144131715677	11.5602045026433	11.9385362831087	11.5602045026433	10.6144131715677	9.47614801421163	8.4022032115405	7.4514787437507	
7.1921289299154	8.04809358581264	8.96230002680515	9.88066825085259	10.6144131715677	10.9020548199888	10.6144131715677	9.88066825085259	8.96230002680515	8.04809358581264	7.1921289299154	
6.7994062433948	7.54288336106861	8.27890898226438	8.96230002680515	9.47614801421163	9.67122957923921	9.47614801421163	8.96230002680515	8.27890898226438	7.54288336106861	6.7994062433948	
6.30918113816394	6.95139347371286	7.54288336106861	8.04809358581264	8.4022032115405	8.53149905758524	8.4022032115405	8.04809358581264	7.54288336106861	6.95139347371286	6.30918113816394	
5.74964665827358	6.30918113816394	6.7994062433948	7.1921289299154	7.4514787437507	7.54288336106861	7.4514787437507	7.1921289299154	6.7994062433948	6.30918113816394	5.74964665827358	
0.0299917195405703	0.0328709288954911	0.0353540122747004	0.037301179422962	0.0385602671735522	0.0389982497173979	0.0385602671735522	0.037301179422962	0.0353540122747004	0.0328709288954911	0.0299917195405703	
0.0328709288954911	0.0361128042997783	0.0389982497173979	0.0413596342006804	0.0429519571554307	0.0435204205988404	0.0429519571554307	0.0413596342006804	0.0389982497173979	0.0361128042997783	0.0328709288954911	
0.0353540122747004	0.0389982497173979	0.0424034687845714	0.0453664981716711	0.0474794678003627	0.0482589333454762	0.0474794678003627	0.0453664981716711	0.0424034687845714	0.0389982497173979	0.0353540122747004	
0.037301179422962	0.0413596342006804	0.0453664981716711	0.0490831800094684	0.0518805397072303	0.0529439476835519	0.0518805397072303	0.0490831800094684	0.0453664981716711	0.0413596342006804	0.037301179422962	
0.0385602671735522	0.0429519571554307	0.0474794678003627	0.0518805397072303	0.055319122572241	0.0566528755091553	0.055319122572241	0.0518805397072303	0.0474794678003627	0.0429519571554307	0.0385602671735522	
0.0389982497173979	0.0435204205988404	0.0482589333454762	0.0529439476835519	0.0566528755091553	0.0581015839350411	0.0566528755091553	0.0529439476835519	0.0482589333454762	0.0435204205988404	0.0389982497173979	
0.0385602671735522	0.0429519571554307	0.0474794678003627	0.0518805397072303	0.055319122572241	0.0566528755091553	0.055319122572241	0.0518805397072303	0.0474794678003627	0.0429519571554307	0.0385602671735522	
0.037301179422962	0.0413596342006804	0.0453664981716711	0.0490831800094684	0.0518805397072303	0.0529439476835519	0.0518805397072303	0.0490831800094684	0.0453664981716711	0.0413596342006804	0.037301179422962	
0.0353540122747004	0.0389982497173979	0.0424034687845714	0.0453664981716711	0.0474794678003627	0.0482589333454762	0.0474794678003627	0.0453664981716711	0.0424034687845714	0.0389982497173979	0.0353540122747004	
0.0328709288954911	0.0361128042997783	0.0389982497173979	0.0413596342006804	0.0429519571554307	0.0435204205988404	0.0429519571554307	0.0413596342006804	0.0389982497173979	0.0361128042997783	0.0328709288954911	
0.0299917195405703	0.0328709288954911	0.0353540122747004	0.037301179422962	0.0385602671735522	0.0389982497173979	0.0385602671735522	0.037301179422962	0.0353540122747004	0.0328709288954911	0.0299917195405703	
0.0911889984576644	0.0999365446534418	0.107473831869552	0.113377034292113	0.117189412587947	0.118514524056531	0.117189412587947	0.113377034292113	0.107473831869552	0.0999365446534418	0.0911889984576644	
0.0999365446534418	0.109775183482043	0.118514524056531	0.125647902800369	0.13044620970593	0.132156686800548	0.13044620970593	0.125647902800369	0.118514524056531	0.109775183482043	0.0999365446534418	
0.107473831869552	0.118514524056531	0.128794555151543	0.137701879308739	0.144030676166377	0.146360567748809	0.144030676166377	0.137701879308739	0.128794555151543	0.118514524056531	0.107473831869552	
0.113377034292113	0.125647902800369	0.137701879308739	0.148821610340995	0.157154459218327	0.160314821660471	0.157154459218327	0.148821610340995	0.137701879308739	0.125647902800369	0.113377034292113	
0.117189412587947	0.13044620970593	0.144030676166377	0.157154459218327	0.167360587660572	0.171309836366958	0.167360587660572	0.157154459218327	0.144030676166377	0.13044620970593	0.117189412587947	
0.118514524056531	0.132156686800548	0.146360567748809	0.160314821660471	0.171309836366958	0.175594147175901	0.171309836366958	0.160314821660471	0.146360567748809	0.132156686800548	0.118514524056531	
0.117189412587947	0.13044620970593	0.144030676166377	0.157154459218327	0.167360587660572	0.171309836366958	0.167360587660572	0.157154459218327	0.144030676166377	0.13044620970593	0.117189412587947	
0.113377034292113	0.125647902800369	0.137701879308739	0.148821610340995	0.157154459218327	0.160314821660471	0.157154459218327	0.148821610340995	0.137701879308739	0.125647902800369	0.113377034292113	
0.107473831869552	0.118514524056531	0.128794555151543	0.137701879308739	0.144030676166377	0.146360567748809	0.144030676166377	0.137701879308739	0.128794555151543	0.118514524056531	0.107473831869552	
0.0999365446534418	0.109775183482043	0.118514524056531	0.125647902800369	0.13044620970593	0.132156686800548	0.13044620970593	0.125647902800369	0.118514524056531	0.109775183482043	0.0999365446534418	
0.0911889984576644	0.0999365446534418	0.107473831869552	0.113377034292113	0.117189412587947	0.118514524056531	0.117189412587947	0.113377034292113	0.107473831869552	0.0999365446534418	0.0911889984576644	
2.72291011960309e-05	2.98254711162823e-05	3.20466070528524e-05	3.3768802037076e-05	3.48696646211732e-05	3.5249804405347e-05	3.48696646211732e-05	3.3768802037076e-05	3.20466070528524e-05	2.98254711162823e-05	2.72291011960309e-05	
2.98254711162823e-05	3.27202128977596e-05	3.5249804405347e-05	3.7270091842077e-05	3.86007939495494e-05	3.90691091029666e-05	3.86007939495494e-05	3.7270091842077e-05	3.5249804405347e-05	3.27202128977596e-05	2.98254711162823e-05	
3.20466070528524e-05	3.5249804405347e-05	3.81455178156743e-05	4.05644657611139e-05	4.22278039318385e-05	4.28286701730188e-05	4.22278039318385e-05	4.05644657611139e-05	3.81455178156743e-05	3.5249804405347e-05	3.20466070528524e-05	
3.3768802037076e-05	3.7270091842077e-05	4.05644657611139e-05	4.34568472000775e-05	4.55366975325296e-05	4.63077598484701e-05	4.55366975325296e-05	4.34568472000775e-05	4.05644657611139e-05	3.7270091842077e-05	3.3768802037076e-05	
3.48696646211732e-05	3.86007939495494e-05	4.22278039318385e-05	4.55366975325296e-05	4.79951368181133e-05	4.89234053059033e-05	4.79951368181133e-05	4.55366975325296e-05	4.22278039318385e-05	3.86007939495494e-05	3.48696646211732e-05	
3.5249804405347e-05	3.90691091029666e-05	4.28286701730188e-05	4.63077598484701e-05	4.89234053059033e-05	4.99174903594144e-05	4.89234053059033e-05	4.63077598484701e-05	4.28286701730188e-05	3.90691091029666e-05	3.5249804405347e-05	
3.48696646211732e-05	3.86007939495494e-05	4.22278039318385e-05	4.55366975325296e-05	4.79951368181133e-05	4.89234053059033e-05	4.79951368181133e-05	4.55366975325296e-05	4.22278039318385e-05	3.86007939495494e-05	3.48696646211732e-05	
3.3768802037076e-05	3.7270091842077e-05	4.05644657611139e-05	4.34568472000775e-05	4.55366975325296e-05	4.63077598484701e-05	4.55366975325296e-05	4.34568472000775e-05	4.05644657611139e-05	3.7270091842077e-05	3.3768802037076e-05	
3.20466070528524e-05	3.5249804405347e-05	3.81455178156743e-05	4.05644657611139e-05	4.22278039318385e-05	4.28286701730188e-05	4.22278039318385e-05	4.05644657611139e-05	3.81455178156743e-05	3.5249804405347e-05	3.20466070528524e-05	
2.98254711162823e-05	3.27202128977596e-05	3.5249804405347e-05	3.7270091842077e-05	3.86007939495494e-05	3.90691091029666e-05	3.86007939495494e-05	3.7270091842077e-05	3.5249804405347e-05	3.27202128977596e-05	2.98254711162823e-05	
2.72291011960309e-05	2.98254711162823e-05	3.20466070528524e-05	3.3768802037076e-05	3.48696646211732e-05	3.5249804405347e-05	3.48696646211732e-05	3.3768802037076e-05	3.20466070528524e-05	2.98254711162823e-05	2.72291011960309e-05	
