#[TIME]:0.200000
#Seen are the grid output values for t=0.200000. If you want to see which gridpoints correspond to which coordinate entries, look for gridmapping text file (if you generated it)
#The following dimensions are plotted:
#Susceptibles
#Exposed
#Infected
#Recovered
#Deaths
#The values are plotted in the above order. Each dimension has 11 rows 
0.0511647679454995	0.122585496605129	0.241299403294233	0.39072497514611	0.521243200573341	0.573689263296402	0.521243200573341	0.39072497514611	0.241299403294232	0.122585496605129	0.0511647679454995	
0.122585496605129	0.292666678263836	0.573689263296402	0.924746222357352	1.22900189920129	1.3506303381878	1.22900189920129	0.924746222357352	0.573689263296402	0.292666678263836	0.122585496605129	
0.241299403294232	0.573689263296402	1.11806225703526	1.78960118006916	2.36353803873341	2.59075839277585	2.36353803873341	1.78960118006916	1.11806225703526	0.573689263296402	0.241299403294232	
0.39072497514611	0.924746222357352	1.78960118006916	2.83822854165892	3.71636198291094	4.05891501842876	3.71636198291094	2.83822854165892	1.78960118006916	0.924746222357352	0.39072497514611	
0.521243200573341	1.22900189920129	2.36353803873341	3.71636198291094	4.82597145130398	5.25211008927021	4.82597145130398	3.71636198291094	2.36353803873341	1.22900189920129	0.521243200573341	
0.573689263296402	1.3506303381878	2.59075839277585	4.05891501842875	5.25211008927021	5.70711234510923	5.25211008927021	4.05891501842876	2.59075839277585	1.3506303381878	0.573689263296402	
0.521243200573341	1.22900189920129	2.36353803873341	3.71636198291094	4.82597145130398	5.25211008927021	4.82597145130398	3.71636198291094	2.36353803873341	1.22900189920129	0.521243200573341	
0.39072497514611	0.924746222357352	1.78960118006916	2.83822854165892	3.71636198291094	4.05891501842876	3.71636198291094	2.83822854165892	1.78960118006916	0.924746222357352	0.39072497514611	
0.241299403294232	0.573689263296402	1.11806225703526	1.78960118006916	2.36353803873341	2.59075839277585	2.36353803873341	1.78960118006916	1.11806225703526	0.573689263296402	0.241299403294232	
0.122585496605129	0.292666678263836	0.573689263296402	0.924746222357352	1.22900189920129	1.3506303381878	1.22900189920129	0.924746222357352	0.573689263296402	0.292666678263836	0.122585496605129	
0.0511647679454995	0.122585496605129	0.241299403294233	0.39072497514611	0.521243200573341	0.573689263296402	0.521243200573341	0.39072497514611	0.241299403294232	0.122585496605129	0.0511647679454995	
5.15369112655392	5.66211680800857	6.11460337778083	6.48472472243309	6.73410203552721	6.82307334395969	6.73410203552721	6.48472472243309	6.11460337778083	5.66211680800857	5.15369112655392	
5.66211680800857	6.25688787705194	6.82307334395969	7.32621311136304	7.69123212668928	7.82714144617706	7.69123212668928	7.32621311136304	6.82307334395969	6.25688787705194	5.66211680800857	
6.11460337778083	6.82307334395969	7.5629453777487	8.29007543551303	8.86183830154837	9.08417750553246	8.86183830154837	8.29007543551303	7.5629453777487	6.82307334395969	6.11460337778083	
6.48472472243309	7.32621311136304	8.29007543551303	9.32593269852747	10.1960408933045	10.5461863267204	10.1960408933045	9.32593269852748	8.29007543551303	7.32621311136304	6.48472472243309	
6.73410203552721	7.69123212668928	8.86183830154838	10.1960408933045	11.3644966292491	11.8448214275098	11.3644966292491	10.1960408933045	8.86183830154837	7.69123212668928	6.73410203552721	
6.82307334395969	7.82714144617706	9.08417750553246	10.5461863267204	11.8448214275098	12.3824961004202	11.8448214275098	10.5461863267204	9.08417750553246	7.82714144617706	6.82307334395969	
6.73410203552721	7.69123212668928	8.86183830154838	10.1960408933045	11.3644966292491	11.8448214275098	11.3644966292491	10.1960408933045	8.86183830154837	7.69123212668928	6.73410203552721	
6.48472472243309	7.32621311136304	8.29007543551303	9.32593269852747	10.1960408933045	10.5461863267204	10.1960408933045	9.32593269852748	8.29007543551303	7.32621311136304	6.48472472243309	
6.11460337778083	6.82307334395969	7.5629453777487	8.29007543551303	8.86183830154837	9.08417750553246	8.86183830154837	8.29007543551303	7.5629453777487	6.82307334395969	6.11460337778083	
5.66211680800857	6.25688787705194	6.82307334395969	7.32621311136304	7.69123212668928	7.82714144617706	7.69123212668928	7.32621311136304	6.82307334395969	6.25688787705194	5.66211680800857	
5.15369112655392	5.66211680800857	6.11460337778083	6.48472472243309	6.73410203552721	6.82307334395969	6.73410203552721	6.48472472243309	6.11460337778083	5.66211680800857	5.15369112655392	
0.0804560141968675	0.0882403025914291	0.09501645775453	0.100399167423665	0.103925302667917	0.105161993773327	0.103925302667917	0.100399167423665	0.09501645775453	0.0882403025914291	0.0804560141968675	
0.0882403025914291	0.0971052331362867	0.105161993773327	0.11193633286512	0.116621678479984	0.11831987167332	0.116621678479984	0.11193633286512	0.105161993773327	0.0971052331362867	0.0882403025914291	
0.09501645775453	0.105161993773327	0.114996135710963	0.123933035470833	0.130548477454786	0.133040793484915	0.130548477454786	0.123933035470833	0.114996135710963	0.105161993773327	0.09501645775453	
0.100399167423665	0.11193633286512	0.123933035470833	0.13570644941938	0.144978190055167	0.148590508222348	0.144978190055167	0.13570644941938	0.123933035470833	0.11193633286512	0.100399167423665	
0.103925302667917	0.116621678479984	0.130548477454786	0.144978190055167	0.156822686334577	0.161539534799826	0.156822686334577	0.144978190055167	0.130548477454786	0.116621678479984	0.103925302667917	
0.105161993773327	0.11831987167332	0.133040793484915	0.148590508222348	0.161539534799826	0.166735241030454	0.161539534799826	0.148590508222348	0.133040793484915	0.11831987167332	0.105161993773327	
0.103925302667917	0.116621678479984	0.130548477454786	0.144978190055167	0.156822686334577	0.161539534799826	0.156822686334577	0.144978190055167	0.130548477454786	0.116621678479984	0.103925302667917	
0.100399167423665	0.11193633286512	0.123933035470833	0.13570644941938	0.144978190055167	0.148590508222348	0.144978190055167	0.13570644941938	0.123933035470833	0.11193633286512	0.100399167423665	
0.09501645775453	0.105161993773327	0.114996135710963	0.123933035470833	0.130548477454786	0.133040793484915	0.130548477454786	0.123933035470833	0.114996135710963	0.105161993773327	0.09501645775453	
0.0882403025914291	0.0971052331362867	0.105161993773327	0.11193633286512	0.116621678479984	0.11831987167332	0.116621678479984	0.11193633286512	0.105161993773327	0.0971052331362867	0.0882403025914291	
0.0804560141968675	0.0882403025914291	0.09501645775453	0.100399167423665	0.103925302667917	0.105161993773327	0.103925302667917	0.100399167423665	0.09501645775453	0.0882403025914291	0.0804560141968675	
0.259452263682024	0.284528229113342	0.306329566996261	0.323618446614547	0.334925221980466	0.338886626747232	0.334925221980466	0.323618446614547	0.306329566996261	0.284528229113342	0.259452263682024	
0.284528229113342	0.313042238118797	0.338886626747232	0.360543427831289	0.375475800332007	0.380878292011343	0.375475800332007	0.360543427831289	0.338886626747232	0.313042238118797	0.284528229113342	
0.306329566996261	0.338886626747232	0.370299574597237	0.398698959589391	0.419632548453327	0.427501043785479	0.419632548453327	0.398698959589391	0.370299574597237	0.338886626747232	0.306329566996261	
0.323618446614547	0.360543427831289	0.398698959589391	0.43590660298413	0.465068672737814	0.476402435269823	0.465068672737814	0.43590660298413	0.398698959589391	0.360543427831289	0.323618446614547	
0.334925221980466	0.375475800332007	0.419632548453327	0.465068672737814	0.502181071049364	0.516923796724678	0.502181071049364	0.465068672737814	0.419632548453327	0.375475800332007	0.334925221980466	
0.338886626747232	0.380878292011343	0.427501043785479	0.476402435269823	0.516923796724678	0.533142557270873	0.516923796724678	0.476402435269823	0.427501043785479	0.380878292011343	0.338886626747232	
0.334925221980466	0.375475800332007	0.419632548453327	0.465068672737814	0.502181071049364	0.516923796724678	0.502181071049364	0.465068672737814	0.419632548453327	0.375475800332007	0.334925221980466	
0.323618446614547	0.360543427831289	0.398698959589391	0.43590660298413	0.465068672737814	0.476402435269823	0.465068672737814	0.43590660298413	0.398698959589391	0.360543427831289	0.323618446614547	
0.306329566996261	0.338886626747232	0.370299574597237	0.398698959589391	0.419632548453327	0.427501043785479	0.419632548453327	0.398698959589391	0.370299574597237	0.338886626747232	0.306329566996261	
0.284528229113342	0.313042238118797	0.338886626747232	0.360543427831289	0.375475800332007	0.380878292011343	0.375475800332007	0.360543427831289	0.338886626747232	0.313042238118797	0.284528229113342	
0.259452263682024	0.284528229113342	0.306329566996261	0.323618446614547	0.334925221980466	0.338886626747232	0.334925221980466	0.323618446614547	0.306329566996261	0.284528229113342	0.259452263682024	
7.47098628906435e-05	8.1870275096623e-05	8.80341878507777e-05	9.28558496453215e-05	9.59661135445514e-05	9.70464150142778e-05	9.59661135445514e-05	9.28558496453214e-05	8.80341878507777e-05	8.1870275096623e-05	7.47098628906435e-05	
8.1870275096623e-05	8.99146324659747e-05	9.70464150142778e-05	0.000102854331768691	0.000106753359520806	0.000108141736019964	0.000106753359520806	0.000102854331768691	9.70464150142778e-05	8.99146324659747e-05	8.1870275096623e-05	
8.80341878507777e-05	9.70464150142778e-05	0.000105411967334872	0.00011263736108888	0.00011775914996029	0.000119642576031026	0.00011775914996029	0.00011263736108888	0.000105411967334872	9.70464150142778e-05	8.80341878507777e-05	
9.28558496453214e-05	0.000102854331768691	0.00011263736108888	0.000121630965292389	0.000128357136595798	0.000130906328183438	0.000128357136595798	0.000121630965292389	0.00011263736108888	0.000102854331768691	9.28558496453214e-05	
9.59661135445514e-05	0.000106753359520806	0.00011775914996029	0.000128357136595798	0.000136587771097553	0.000139771982348326	0.000136587771097553	0.000128357136595798	0.00011775914996029	0.000106753359520806	9.59661135445514e-05	
9.70464150142778e-05	0.000108141736019964	0.000119642576031026	0.000130906328183438	0.000139771982348326	0.000143226681161143	0.000139771982348326	0.000130906328183438	0.000119642576031026	0.000108141736019964	9.70464150142778e-05	
9.59661135445514e-05	0.000106753359520806	0.00011775914996029	0.000128357136595798	0.000136587771097553	0.000139771982348326	0.000136587771097553	0.000128357136595798	0.00011775914996029	0.000106753359520806	9.59661135445514e-05	
9.28558496453214e-05	0.000102854331768691	0.00011263736108888	0.000121630965292389	0.000128357136595798	0.000130906328183438	0.000128357136595798	0.000121630965292389	0.00011263736108888	0.000102854331768691	9.28558496453214e-05	
8.80341878507777e-05	9.70464150142778e-05	0.000105411967334872	0.00011263736108888	0.00011775914996029	0.000119642576031026	0.00011775914996029	0.00011263736108888	0.000105411967334872	9.70464150142778e-05	8.80341878507777e-05	
8.1870275096623e-05	8.99146324659747e-05	9.70464150142778e-05	0.000102854331768691	0.000106753359520806	0.000108141736019964	0.000106753359520806	0.000102854331768691	9.70464150142778e-05	8.99146324659747e-05	8.1870275096623e-05	
7.47098628906435e-05	8.1870275096623e-05	8.80341878507777e-05	9.28558496453215e-05	9.59661135445514e-05	9.70464150142778e-05	9.59661135445514e-05	9.28558496453214e-05	8.80341878507777e-05	8.1870275096623e-05	7.47098628906435e-05	
