#[TIME]:0.100000
#Seen are the grid output values for t=0.100000. If you want to see which gridpoints correspond to which coordinate entries, look for gridmapping text file (if you generated it)
#The following dimensions are plotted:
#Susceptibles
#Exposed
#Infected
#Recovered
#Deaths
#The values are plotted in the above order. Each dimension has 11 rows 
0.0406887067544744	0.0987008503110968	0.196427429031827	0.320918412848865	0.430690783918575	0.4750375035693	0.430690783918575	0.320918412848865	0.196427429031826	0.0987008503110968	0.0406887067544744	
0.0987008503110968	0.239062800892202	0.4750375035693	0.774975077961687	1.03890585473191	1.1453926985059	1.03890585473191	0.774975077961688	0.4750375035693	0.239062800892202	0.0987008503110968	
0.196427429031826	0.4750375035693	0.942260551360804	1.53427396970739	2.05356193187885	2.26263797976639	2.05356193187885	1.53427396970739	0.942260551360803	0.4750375035693	0.196427429031826	
0.320918412848865	0.774975077961688	1.53427396970739	2.4926831884742	3.32989152943478	3.6660252882474	3.32989152943478	2.4926831884742	1.53427396970739	0.774975077961688	0.320918412848865	
0.430690783918575	1.03890585473191	2.05356193187885	3.32989152943478	4.44055943333907	4.88530559314839	4.44055943333907	3.32989152943478	2.05356193187885	1.03890585473191	0.430690783918575	
0.4750375035693	1.1453926985059	2.26263797976639	3.6660252882474	4.88530559314839	5.37299639486823	4.88530559314839	3.6660252882474	2.26263797976639	1.1453926985059	0.4750375035693	
0.430690783918575	1.03890585473191	2.05356193187885	3.32989152943478	4.44055943333907	4.88530559314839	4.44055943333907	3.32989152943478	2.05356193187885	1.03890585473191	0.430690783918575	
0.320918412848865	0.774975077961688	1.53427396970739	2.4926831884742	3.32989152943478	3.6660252882474	3.32989152943478	2.4926831884742	1.53427396970739	0.774975077961688	0.320918412848865	
0.196427429031826	0.4750375035693	0.942260551360804	1.53427396970739	2.05356193187885	2.26263797976639	2.05356193187885	1.53427396970739	0.942260551360803	0.4750375035693	0.196427429031826	
0.0987008503110968	0.239062800892202	0.4750375035693	0.774975077961687	1.03890585473191	1.1453926985059	1.03890585473191	0.774975077961688	0.4750375035693	0.239062800892202	0.0987008503110968	
0.0406887067544744	0.0987008503110968	0.196427429031827	0.320918412848865	0.430690783918575	0.4750375035693	0.430690783918575	0.320918412848865	0.196427429031826	0.0987008503110968	0.0406887067544744	
5.90579944512278	6.47202746284671	6.95961911805302	7.3411847276566	7.58740169949015	7.67293751853848	7.58740169949015	7.3411847276566	6.95961911805302	6.47202746284671	5.90579944512278	
6.47202746284671	7.10841161923079	7.67293751853848	8.1329334610695	8.4418530479206	8.55186864830232	8.4418530479206	8.1329334610695	7.67293751853848	7.10841161923079	6.47202746284671	
6.95961911805302	7.67293751853848	8.33556683195482	8.90812541364437	9.31396308892984	9.46316664840727	9.31396308892984	8.90812541364437	8.33556683195482	7.67293751853848	6.95961911805302	
7.3411847276566	8.1329334610695	8.90812541364437	9.6206542918083	10.1530632476305	10.354675925605	10.1530632476305	9.62065429180831	8.90812541364437	8.1329334610695	7.3411847276566	
7.58740169949015	8.4418530479206	9.31396308892984	10.1530632476305	10.8036031957135	11.0549307873176	10.8036031957135	10.1530632476305	9.31396308892984	8.4418530479206	7.58740169949015	
7.67293751853848	8.55186864830232	9.46316664840727	10.354675925605	11.0549307873176	11.3273622008108	11.0549307873176	10.354675925605	9.46316664840727	8.55186864830232	7.67293751853848	
7.58740169949015	8.4418530479206	9.31396308892984	10.1530632476305	10.8036031957135	11.0549307873176	10.8036031957135	10.1530632476305	9.31396308892984	8.4418530479206	7.58740169949015	
7.3411847276566	8.1329334610695	8.90812541364437	9.6206542918083	10.1530632476305	10.354675925605	10.1530632476305	9.62065429180831	8.90812541364437	8.1329334610695	7.3411847276566	
6.95961911805302	7.67293751853848	8.33556683195482	8.90812541364437	9.31396308892984	9.46316664840727	9.31396308892984	8.90812541364437	8.33556683195482	7.67293751853848	6.95961911805302	
6.47202746284671	7.10841161923079	7.67293751853848	8.1329334610695	8.4418530479206	8.55186864830232	8.4418530479206	8.1329334610695	7.67293751853848	7.10841161923079	6.47202746284671	
5.90579944512278	6.47202746284671	6.95961911805302	7.3411847276566	7.58740169949015	7.67293751853848	7.58740169949015	7.3411847276566	6.95961911805302	6.47202746284671	5.90579944512278	
0.0158343896799994	0.0173419423025344	0.0186292680009328	0.0196248480491928	0.0202595476862554	0.0204783386749183	0.0202595476862554	0.0196248480491928	0.0186292680009328	0.0173419423025344	0.0158343896799994	
0.0173419423025344	0.0190190013139921	0.0204783386749183	0.0216371396412672	0.0223960098890974	0.0226621109747826	0.0223960098890974	0.0216371396412672	0.0204783386749183	0.0190190013139921	0.0173419423025344	
0.0186292680009328	0.0204783386749183	0.0221368190482736	0.0235080382201627	0.0244416823984323	0.0247769326579259	0.0244416823984323	0.0235080382201627	0.0221368190482736	0.0204783386749183	0.0186292680009328	
0.0196248480491928	0.0216371396412672	0.0235080382201627	0.0251262347640312	0.0262739087269387	0.0266958982033514	0.0262739087269387	0.0251262347640312	0.0235080382201627	0.0216371396412672	0.0196248480491928	
0.0202595476862554	0.0223960098890974	0.0244416823984323	0.0262739087269387	0.0276127997042619	0.0281134019162381	0.0276127997042619	0.0262739087269387	0.0244416823984323	0.0223960098890974	0.0202595476862554	
0.0204783386749183	0.0226621109747826	0.0247769326579259	0.0266958982033514	0.0281134019162381	0.0286465478395062	0.0281134019162381	0.0266958982033514	0.0247769326579259	0.0226621109747826	0.0204783386749183	
0.0202595476862554	0.0223960098890974	0.0244416823984323	0.0262739087269387	0.0276127997042619	0.0281134019162381	0.0276127997042619	0.0262739087269387	0.0244416823984323	0.0223960098890974	0.0202595476862554	
0.0196248480491928	0.0216371396412672	0.0235080382201627	0.0251262347640312	0.0262739087269387	0.0266958982033514	0.0262739087269387	0.0251262347640312	0.0235080382201627	0.0216371396412672	0.0196248480491928	
0.0186292680009328	0.0204783386749183	0.0221368190482736	0.0235080382201627	0.0244416823984323	0.0247769326579259	0.0244416823984323	0.0235080382201627	0.0221368190482736	0.0204783386749183	0.0186292680009328	
0.0173419423025344	0.0190190013139921	0.0204783386749183	0.0216371396412672	0.0223960098890974	0.0226621109747826	0.0223960098890974	0.0216371396412672	0.0204783386749183	0.0190190013139921	0.0173419423025344	
0.0158343896799994	0.0173419423025344	0.0186292680009328	0.0196248480491928	0.0202595476862554	0.0204783386749183	0.0202595476862554	0.0196248480491928	0.0186292680009328	0.0173419423025344	0.0158343896799994	
0.0455721998551875	0.049909506946917	0.0536116397365653	0.0564730345009115	0.0582960814426948	0.0589242600436717	0.0582960814426948	0.0564730345009115	0.0536116397365653	0.049909506946917	0.0455721998551875	
0.049909506946917	0.054731993933646	0.0589242600436717	0.0622486623038093	0.0644228024212111	0.0651845337251923	0.0644228024212111	0.0622486623038093	0.0589242600436717	0.054731993933646	0.049909506946917	
0.0536116397365653	0.0589242600436717	0.0636805226628201	0.0676036103624813	0.0702688562604539	0.0712246212416277	0.0702688562604539	0.0676036103624813	0.0636805226628201	0.0589242600436717	0.0536116397365653	
0.0564730345009115	0.0622486623038093	0.0676036103624813	0.0722197197029898	0.0754839851085775	0.0766822218415676	0.0754839851085775	0.0722197197029898	0.0676036103624813	0.0622486623038093	0.0564730345009115	
0.0582960814426948	0.0644228024212111	0.0702688562604539	0.0754839851085775	0.0792821628567903	0.0806996528701124	0.0792821628567903	0.0754839851085775	0.0702688562604539	0.0644228024212111	0.0582960814426948	
0.0589242600436717	0.0651845337251923	0.0712246212416277	0.0766822218415676	0.0806996528701124	0.0822078066481481	0.0806996528701124	0.0766822218415676	0.0712246212416277	0.0651845337251923	0.0589242600436717	
0.0582960814426948	0.0644228024212111	0.0702688562604539	0.0754839851085775	0.0792821628567903	0.0806996528701124	0.0792821628567903	0.0754839851085775	0.0702688562604539	0.0644228024212111	0.0582960814426948	
0.0564730345009115	0.0622486623038093	0.0676036103624813	0.0722197197029898	0.0754839851085775	0.0766822218415676	0.0754839851085775	0.0722197197029898	0.0676036103624813	0.0622486623038093	0.0564730345009115	
0.0536116397365653	0.0589242600436717	0.0636805226628201	0.0676036103624813	0.0702688562604539	0.0712246212416277	0.0702688562604539	0.0676036103624813	0.0636805226628201	0.0589242600436717	0.0536116397365653	
0.049909506946917	0.054731993933646	0.0589242600436717	0.0622486623038093	0.0644228024212111	0.0651845337251923	0.0644228024212111	0.0622486623038093	0.0589242600436717	0.054731993933646	0.049909506946917	
0.0455721998551875	0.049909506946917	0.0536116397365653	0.0564730345009115	0.0582960814426948	0.0589242600436717	0.0582960814426948	0.0564730345009115	0.0536116397365653	0.049909506946917	0.0455721998551875	
7.51793460360045e-06	8.22967710449673e-06	8.83326001014029e-06	9.29544966018143e-06	9.5870581404828e-06	9.68690162879078e-06	9.5870581404828e-06	9.29544966018143e-06	8.83326001014029e-06	8.22967710449673e-06	7.51793460360045e-06	
8.22967710449673e-06	9.01478347739282e-06	9.68690162879078e-06	1.02085847443729e-05	1.05424114648629e-05	1.0657762123558e-05	1.05424114648629e-05	1.02085847443729e-05	9.68690162879078e-06	9.01478347739282e-06	8.22967710449673e-06	
8.83326001014029e-06	9.68690162879078e-06	1.04291777396148e-05	1.10179413720636e-05	1.14030089864172e-05	1.15379078852519e-05	1.14030089864172e-05	1.10179413720636e-05	1.04291777396148e-05	9.68690162879078e-06	8.83326001014029e-06	
9.29544966018143e-06	1.02085847443729e-05	1.10179413720636e-05	1.1676522607865e-05	1.2117958682305e-05	1.22749256006203e-05	1.2117958682305e-05	1.1676522607865e-05	1.10179413720636e-05	1.02085847443729e-05	9.29544966018143e-06	
9.5870581404828e-06	1.05424114648629e-05	1.14030089864172e-05	1.2117958682305e-05	1.26063964619382e-05	1.27820262891832e-05	1.26063964619382e-05	1.2117958682305e-05	1.14030089864172e-05	1.05424114648629e-05	9.5870581404828e-06	
9.68690162879078e-06	1.0657762123558e-05	1.15379078852519e-05	1.22749256006203e-05	1.27820262891832e-05	1.29651111111111e-05	1.27820262891832e-05	1.22749256006203e-05	1.15379078852519e-05	1.0657762123558e-05	9.68690162879078e-06	
9.5870581404828e-06	1.05424114648629e-05	1.14030089864172e-05	1.2117958682305e-05	1.26063964619382e-05	1.27820262891832e-05	1.26063964619382e-05	1.2117958682305e-05	1.14030089864172e-05	1.05424114648629e-05	9.5870581404828e-06	
9.29544966018143e-06	1.02085847443729e-05	1.10179413720636e-05	1.1676522607865e-05	1.2117958682305e-05	1.22749256006203e-05	1.2117958682305e-05	1.1676522607865e-05	1.10179413720636e-05	1.02085847443729e-05	9.29544966018143e-06	
8.83326001014029e-06	9.68690162879078e-06	1.04291777396148e-05	1.10179413720636e-05	1.14030089864172e-05	1.15379078852519e-05	1.14030089864172e-05	1.10179413720636e-05	1.04291777396148e-05	9.68690162879078e-06	8.83326001014029e-06	
8.22967710449673e-06	9.01478347739282e-06	9.68690162879078e-06	1.02085847443729e-05	1.05424114648629e-05	1.0657762123558e-05	1.05424114648629e-05	1.02085847443729e-05	9.68690162879078e-06	9.01478347739282e-06	8.22967710449673e-06	
7.51793460360045e-06	8.22967710449673e-06	8.83326001014029e-06	9.29544966018143e-06	9.5870581404828e-06	9.68690162879078e-06	9.5870581404828e-06	9.29544966018143e-06	8.83326001014029e-06	8.22967710449673e-06	7.51793460360045e-06	
