ODE1
a = 0.0000003920
k = 0.100000
t = 0.010000
qq = 4
pp = 10

S = 820000
E = 2018


ODE2
a = 0.0000002905
k = 0.200000
t = 0.010000
qq = 5
pp = 10

S = 820000
I = 8147



